151286489
936539
1622951
786130
1709356
1551933
353278
311160
1384154
395352
1084486
315334
3466548
382401
1491163
2280904
1230825
360647
566804
1235230
545889
384590
676940
1020287
1268351
355654
2324951
818419
1058136
1419549
1033224
544951
385408
800664
312981
326878
1376999
1842341
520451
1931171
509759
2863682
2428467
1500829
818336
1275734
917234
946992
1060061
1603181
547042
510975
894137
440922
345122
1350769
413203
1689938
948990
2404850
693727
312347
862269
1285296
1534079
1118642
569423
2148007
1264923
284889
105511
1915747
2114989
1101471
1389107
502233
3218567
418959
2729994
1302682
369868
312141
575340
320358
543960
1514140
801304
1408024
943696
1108697
2528429
861776
734683
971675
1010886
1624298
954617
2179912
1717044
530141
292045
425816
451288
1300674
1016584
446594
973681
597894
1050836
2614038
1854361
388262
443819
688043
331720
961007
761710
1112505
509548
321887
1076297
1155891
1073447
1211916
704741
845487
452148
454786
313198
782465
861193
364197
1312767
1518971
320493
480298
2876688
956389
2077122
1098626
462598
501662
959736
453186
526786
836749
266186
1497643
311037
4419582
2107453
1697716
2642346
418075
665142
1639186
433585
413559
1083306
319742
347453
1941487
969732
1003511
1225376
2089516
311832
571218
400392
839310
404665
329467
332764
2315565
1074675
509698
2777349
1551205
2013110
4724590
452712
955152
438730
352546
474021
1483973
135451
1169884
3011367
1206600
639827
737468
757651
751435
2349647
699771
1834504
296901
341572
748051
498578
730644
514488
356644
400633
1331523
523104
521803
918083
3655621
902428
637461
2507377
937793
356516
474149
412911
2234411
2213421
884126
850226
346646
2947019
3025431
1150222
914935
1339347
588683
507838
940837
1049987
88110
314956
449018
834814
310680
1981328
874514
976552
319166
416720
706190
302513
929609
535902
333702
590454
368329
714109
1254377
536954
789013085
1163502
1128500
479079
1957900
4211764
434510
2259759
490929
714619
2211324
1963661
641137
953823
1131424
901720
345538
992207
928117
2139507
372338
2948656
509882
774984
1608807
1141867
319591
1946587
314563
373354
1066516
1188802
387673
688251
432596
1176457
3145448
1460656
328329
921370
477608
1016137
1137284
1428822
4248984
1381367
469263
850961
2080757
1390625
1420472
2410124
1642704
1080890
1498316
1358189
1003614
962828
401526
615272
956458
2314641
2860625
704495
2648209
2173872
2226688
307303
721130
666432
430047
985453
1321943
1592768
1134977
335594
353451
462215
1065519
1106765
615482
757279
984000
1588815
473191
2152189
1492303
1854824
2529337
2160359
899266
323334
582399
2829702
404617
1632511
1161957
3167454
312000
1004427
1095298
1176265
324222
560766
1601045
445468
742674
974728
2454839
329956
1077311
515283
1156590
1178585
329912
1586804
1298434
516846
2118466
537836
423150
309265
2006056
2149536
570841
2001187
1625162
562481
1403979
408750
2315416
334633
1046272
4943219
818361
2923167
865664
1715326
423551
1642640
1469038
1231338
1159007
1819281
1442327
2267861
2474510
1838384
1740008
2354572
1257538
2093926
324204
314650
2464258
1964983
375339
2213511
840995
1336061
947788
2055301
1499352
1284948
1147856
418504
1846116
336448
451811
636011
418059
685266
1025639
575305
1094471
553578
332483
1557195
529663
407556
514558
312106
880275
903637
994962
1174446
1045077
1035368
1071057
382550
1199343
2200537
1266907
328867
1360123
1101859
2345979
1008202
894709
1075954
663380
2175990
4305903
975171
2122826
1621690
2610504
450429
1001445
356400
509430
1183491
2913771
317380
1184029
2774861
1005707
1196997
2265090
297819
641561
1010417
1917499
1611462
524342
726649
2672870
510964
322349
329601
510664
316268
3950792
2724174
2443931
1036364
931024
494206
1589624
1717294
891464
770600
376242
335408
894877
1138014
474067
408929
757157
2299200
1674730
593524
300915
1366698
1301884
169085
565004
1062547
370638
467589
669095
592119
2976119
760192
1036839
3058285
93344
1186213
453838
766422
369763
414925
1490143
2198813
314891
3234986
507676
131517
1587312
1369246
374888
2022573
1460129
1172191
574936
979667
575304
373723
783677
382781
1347938
693786
1129822
337840
1802494
321479
415542
1250331
347505
1829590
894025
835289
467894
827623
1566113
827587
1914600
499362
1367405
1040254
334991
2205623
850131
865453
1325629
2175626
2536173
337186
615383
391666
1490793
1358163
375260
1638818
341110
1028335
1984548
1065211
394468
905498
1110000
1304437
957910
524966
1424946
526431
328850
2001286
876707
473816
799787
1483689
2857798
402304
2137479
460948
384952
1115734
794233
949000
1332084
533173
447792
1352322
2011467
2263194
1707781
1083749
635599
1557017
310074
488040
2474909
482489
300622
1805062
1689745
979045
942976
424657
635562
306000
1958517
1626778
1035792
2473307
1727667
2871399
748600
473877
301500
1062254
1114035
3300119
541052
1832949
1060636
369916
337138
2196333
924457
337442
1221942
1051398
454913
330505
894566
450025
630251
2174289
1751592
334826
387748
431402
504418
316394
636756
870451
842623
1008739
359584
401485
1021408
1691410
2013349
1002792
2761865
981288
472898
1158532
457770
501291
1539762
1169013
475453
566037
396396
451799
503209
1260083
419224
406157
777494
405003
1046018
434607
1594107
1663135
1109152
302046
3445356
995401
425033
1378255
2010634
4406032
549516
1102458
1905540
1374052
1161380
1457778
813027
379006
57729
77604
1139403
349010
944659
488194
681350
3033995
3359855
542589
657971
1779333
1408548
2150642
1139753
931957
978271
2712133
626483
1008956
382761
1246806
355195
1999859
2120992
1420318
722087
320024
1059734
1003693
2255600
2265282
1113238
1947790
1701866
606834
1080856
798520
458882
2414954
456204
526839
1778660
608305
846345
341803
922632
1316512
1077415
703384
1166410
818848
1929148
290281
1414069
2139616
896208
1184138
360567
1974503
910398
1226299
1251430
1142360
694187
742140
2920791
365020
1910618
2292267
951200
3128797
325379
331609
516333
1976163
1502645
1699758
335310
347135
380999
995151
2007051
403516
