154637678
498139
2140505
355061
322955
884497
454424
2234322
780394
865657
1278976
406969
1686816
414634
592670
726025
634142
1306815
2951200
507132
597207
1701162
1528126
636140
362204
608173
953433
1284674
352237
1048508
471931
1133989
2319790
730293
325756
792037
2380658
1076177
1311424
1455187
3945121
1747575
3300602
261522
564806
1962669
201139
205570
1825673
672881
648937
712692
267373
2745891
3258323
570317
804000
1003179
387784
1050508
919677
794841
1059078
1175096
995209
411735
714736
369059
325784
1279169
2265161
322753
1802294
2182539
3088372
569270
1112083
1174508
779155
1864205
409585
328677
1424204
1366122
1029892
1397357
157583
1003544
520099
573000
991491
735021
1800479
318884
466399
1080431
412477
1239139
286728
452291
2101121
528343
2779958
3552194
980720
995167
987162
412598
1032794
485660
1235042
2406715
1745608
323745
2348362
694293
1942243
1369917
1112547
2214623
932534
894199
341983
334038
1433544
974951
749917
1371767
334141
1884421
1075183
1537317
344302
2930003
356915
932328
1393698
2235303
1350676
645414
351080
702695
985646
517852
3595238
913806
900797
2471582
1022388
626621
561802
727823
964175
602243
1553686
416339
337276
2188846
416905
1024543
1828941
1947655
392802
1431568
4044915
1198095
422582
319985
376964
709393
624893
218765
1245450
1450507
260492
1007749
878843
385396
2088549
579589
727766
1617880
1555188
1382110
943180
4237785
929061
870780
1185859
2400690
1231295
790183
1047170
2019209
1899968
866689
340759
1362498
1911299
1189138
2370157
1956926
851962
1292449
1052466
341809
327124
1848307
335544
1911170
1651816
2458505
305194
760968
1650769
1227878
407709
552577
883200
238786
301915
2313984
750522
520465
866728
986756
504437
310535
985758
891705
1299444
1433308
838541
1954747
930108
1226953
538212
930416
315432
813217
304111
780415
1714012
1440081
798686
1526601
1262782
1342250
361798
577812
888783
1306634
633208
1765791
1029722
256267
510859
1325342
1704499
674822
3540226
1021509
422645
314775
4041523
961023
1389324
345799
328811
322094
581173
413866
474610
92740
1341133
1215103
539277
865970
340742
660863
312864
1696917
4202872
835322
1014397
894814
567063
941697
317565
664566
3801497
2595064
278941
1052956
2411519
2192460
390843
489717
312624
327001
1756274
1183015
323285
1650678
1019394
370925
329778
1053446
484214
1520176
325795
944551
1066306
745391
405966
383511
410686
1899405
841278
1685454
1004288
637829
411301
330116
403889
1509556
3767086
1330805
1482751
661925
477891
977798
725963
721141
639768
409528
1052606
1081106
820259
3831498
409322
380631
1003018
1020080
619109
325038
1128761
1108419
1545425
1127135
1988499
590388
789615
400863
2491288
805478
1945817
1009474
471071
2131027
1227788
324822
967104
882924
1501443
774165
1746273
2314948
702340
891420
884031
392785
2879152
873668
993959
1068448
1811957
996500
1017868
891504
1047901
1246981
2464479
781848
322278
1115461
676255
1569849
368714
10312296
926655
2863362
1611696
806436
921734
1152718
1121880
1311133
767242
858817
408334
340614
1965090
643807
1109374
1599158
660263
1689354
364161
1098410
1688796
798565
329949
2058138
1361094
2523838
1550630
836894
1328798
436016
1241225
2308369
394045
362762
310063
343288
3068953
598635
237006
950320
573567
330144
1281281
526505
2087622
500436
884142
382267
301515
603153
1693726
1102462
1021991
914147
1005996
3581522
1628189
2188906
1109760
317625
800434
400509
2906763
1791383
1835432
1469466
316133
947980
2888077
887967
1145773
418021
1102130
1861239
302485
1563901
603694
987905
316855
1083659
461384
2507283
554387
356148
314792
2539884
338552
330425
438592
430343
937335
1083475
2533960
1086136
790564
312376
10753881
1803561
757711
455017
504739
1498784
2258107
1455972
406320
2922446
1371490
1322619
569069
581303
853673
302090
2139161
2953465
1504588
2377506
1250681
1712509
1085474
1058816
330109
550041
458092
2567912
2323366
784627
1414573
2618789
2948621
2011941
2068623
432830
1017002
1425409
519973
331620
2167241
841083
1100705
476177
499697
328504
217971
318954
1491923
1191997
1727174
3214685
555086
1912100
1345964
391368
344750
1604501
309052
906769
403120
2498824
1766860
345744
8274788
1170521
415047
851220
357036
438581
1386526
815107
1665823
518718
1178271
1940408
922743
2254630
714532
298169
342263
933001
998492
1782053
310587
1018711
2145782
619506
693769
326020
691488
2109157
1097732
2089111
1394556
2958433
2412459
1589217
964809
1189249
1332584
809680
1586255
2770987
2015449
1521868
2795094
373516
578941
551025
492317
301609
1100148
350483
2684419
1877353
698439
1404461
923648
912050
318962
1083237
476769
1211288
1727937
758086
854271
631474
506395
1215282
677938
1784686
2927663
1631897
1009893
845448
3314191
910205
613299
1795745
771371
1070722
3071739
1750744
709881
1010813
426415
471315
2154508
323155
854905
2272760
1770271
870125
1420427
4692109
1324969
772671
399455
2864255
2099189
3110348
374689
444866
2027401
2149798
1369934
383687
2129204
345000
447428
319614
631578
1915357
1056133
1222166
882992
2370675
307790
994372
346634
1018253
1813918
1423552
635040
155603975
493276
693441
555791
3451317
1547180
1317327
383954
937882
3563536
728981
1705148
800085
2554260
323998
281181
1108314
2637260
284847
1346816
1412693
363456
2949079
459379
1226443
1953512
496714
310639
347483
509145
831381
1775367
1362960
861642
428594
1306087
519779
1057835
337284
3011173
594189
1054862
2087475
2520826
813129
1084666
1989391
843990
316139
594616
3010596
1066718
2163300
1531829
1315358
440799
247682
483184
1401174
3829768
2640087
1190845
1048689
1076521
1000729
1825513
343187
345617
415530
2510442
1248990
324337
1280937
1519831
680920
1270917
2932219
2302461
679270
342546
2304815
302989
1011646
367214
339490
348735
600772
269118
992683
775743
680621
951049
952965
4277862
899266
103828
416637
1049429
1214907
2328720
307032
1420451
393595
587467
695032
379183
346308
1955485
1548368
2307406
1266323
1089196
1041351
768499
