1241172
2900317
1527288
1053270
2510075
2420821
315344
2866402
1465557
512957
519615
964698
857990
640028
1191854
2077759
1627099
101257
1690970
405991
1907333
1443900
353310
1039350
3394175
485569
1173509
304211
773480
576381
1885646
981010
2500229
332650
2256073
2628149
7342238
3656536
2409871
1481894
2769840
1780520
316350
1021482
746674
852770
1749255
1599921
1780325
1041261
3147547
747826
727451
2730457
4137851
2159330
1339425
1226908
1181537
571747
662233
1610557
2226220
954011
2465947
860265
1690965
1856660
819236
2166868
686939
2725253
1676291
1674589
911484
559266
2617771
340654
1012643
1602573
1292193
462249
615693
1358135
3060803
1002555
950674
1485912
856924
517280
3485999
3074500
2347616
1479863
1860248
865446
1438476
324093
986370
1027834
829919
735563
291417
1653016
261233
357331
478872
1729638
348906
372134
747933
1598590
647946
718958
1079543
1060535
3145476
1448383
964021
368871
4426032
348572
1013339
826446
1266610
2152585
319118
2883604
101340
871636
941396
483925
870663
1757792
1497610
606419
2381572
2370145
2353656
434713
1267513
1024165
330199
701254
1234930
431857
858022
821231
798071
733810
436300
412635
805911
4021152
899079
694230
2235676
595402
1781167
787115
361542
1304936
482364
1231323
390667
1602447
2484109
331226
2346864
1204507
785190
1652526
2281252
2740171
1040437
1798890
963140
1921064
893327
1576280
318837
451453
498557
680684
3627370
1089498
598457
483718
1235079
751252
346442
1699746
1575800
538625
726547
1407688
610838
454207
437114
553948
779943
1627032
907494
3412509
1637460
1382335
1153970
1333750
1696165
2522913
399760
758033
1278211
5030489
909154
829110
954899
1208776
1663117
1081823
372147
812560
1194625
1134561
357374
877811
1934610
876151
869374
3104677
1781667
416862
2916307
408790
843766
1838410
1103083
832963
2143202
3409546
2152195
2135886
2180016
1051975
715430
3382102
1549388
465581
348827
2289026
1106214
1795114
1030227
920053
1471594
1141088
761595
573260
1797594
551693
1028039
374076
1369755
827558
369756
1055350
601218
683032
650496
1424634
362667
693467
1343207
319164
2332622
821688
2047383
826440
900979
1531298
672024
588640
2183206
1337206
612803
446770
1569065
1666433
1092395
1888708
1590984
2776141
1370625
1854580
912643
982033
1156765
874293
338645
743083
885607
1313131
340607
335485
3862429
602117
324038
354050
325008
2681955
985787
1197424
1507259
640397
1295607
750416
3223801
874646
1517783
1052304
1325527
1007144
2540903
956922
366004
315930
409424
1671003
558745
484606
3654631
308860
1333226
2353758
1082074
571600
1151722
559378
4067742
1716908
328365
3312603
226401
515281
1145167
769421
424791
1607264
321502
786650
1186764
1395550
816081
2943341
1873489
1741548
840695
617881
346184
2383355
1026631
2082535
955302
2756075
60319
2083819
469348
594983
827776
861600
229966
783576
250702
767532
2357603
901476
407282
3732661
1617730
721671
1321805
1614453
482617
1204382
2000552
743938
940280
2600494
445992
368098
502822
836832
442587
1548009
1934407
1734131
3018237
903770
1063146
2201056
1839551
718113
2941988
1441587
1122592
1277637
539510
1000617
1963633
1164384
1522201
342226
914710
556299
873628
325562
1067645
2120700
790022
2674774
1342652
2355324
1152104
812158
688116
2425578
3730438
357103
143079
1984342
1766097
382328
773267
1425981
361544
928417
340878
2278849
2952831
1897719
845776
57701157
2744503
1258960
527706
70742
1056966
1463691
398535
1584536
2061187
581860
1813744
1092108
803894
326030
889895
4045208
1447827
527974
889952
2112555
1201591
2305717
802274
1223332
1323639
550069
342884
793487
94212
2408538
2975555
775125
1944565
347942
3743650
1430096
439995
1254654
457160
667817
1077914
907131
1545977
783363
255783
606847
2235202
229032
597490
210483
1328299
1486267
1871579
1609337
2933131
1883903
1068377
2646179
1318788
1425217
937836
1283548
591270
672513
429509
478833
1446314
2861457
1047852
1228248
4871488
674922
531603
638792
924492
4073456
2778680
1314387
460871
663768
1965045
2766399
1807624
2897562
2978661
1918468
1113988
747118
387539
1780663
776400
962735
1196396
1285806
636159
360792
1888650
1162427
994149
664108
3275072
4006298
2083881
868831
1753239
784786
302920
587791
1041530
1672206
1648669
776734
1208788
439625
406631
741646
382418
325734
311034
2096525
1442860
1493352
1472236
324224
1230298
878692
635880
3241418
1157910
947296
1506234
844886
821264
878293
1270954
1053471
315796
1608969
361807
350539
1428727
2855056
1915279
4564639
353534
675931
1289602
2903901
1009220
906991
1057676
354874
858049
616763
1311317
1144802
2467096
1088548
318475
1091879
779012
309727
633214
2277581
805337
2260437
3514285
1321914
1546106
4416506
1616661
1222453
975505
814861
1291949
1111817
352591
3057094
1475437
2117612
219904
220199
688544
582855
1270652
939569
2528675
2329684
1984328
1742735
832847
1576748
331467
797533
357243
307460
1433718
696655
546831
1895485
608860
432791
1794376
808288
908052
1360189
705642
1476806
2176729
387252
2606892
1261867
965943
1053315
822507
736009
460586
1454254
1748792
4722761
478859
984518
1674487
1497916
810131
717136
485872
2384346
3950217
1336531
1548541
1565465
791673
2297123
894807
79564
1425736
504393
2158617
1712592
2248114
529069
1076203
1585138
407358
1576109
2173438
2410488
802042
1810356
1580124
279525
375935
787540
1045405
915580
4356411
1859743
1533726
730948
338624
2055793
3008388
916598
1089708
325417
721879
2988875
1428296
945324
1086962
1019169
3100683
2192940
1234045
1132925
391110
315717
3552629
2274750
2619744
57875
863864
2305593
1240152
1685781
771782
805276
1554502
1618251
1726107
1059310
2842771
2035924
1155527
1612776
428417
1812811
886326
2938229
932480
1325726
873137
1101859
658280
4212520
1201110
4011796
351463
1292344
1766068
729100
2341540
447660
900847
1288976
336969
545774
1251307
1315644
901239
1705525
1316442
2695413
