1371369
1422343
1259464
558603
1266917
1967126
742036
1082478
1597423
521133
1020360
506013
319754
2033157
2712535
439663
671870
2958018
502652
2502183
328534
1153383
348389
722466
927632
2107886
480818
777684
1437360
1412612
1601082
1203167
2176360
3497606
3240577
661754
888019
2669237
383707
1032847
1178139
722653
1773892
481153
1800405
2041201
1245007
324269
323452
388119
330504
332052
1292460
772286
2563623
769652
307242
1390064
1219963
945521
1462318
2221950
2486649
973517
939852
1828038
429538
298431
841920
346216
786738
4428067
313607
1343544
3447440
1002618
2791812
1205940
355720
822420
3413811
714319
773765
1034655
368939
1733553
2793244
311052
582149
583113
597889
336024
2068308
617302
1288311
2895711
945497
863198
1377816
2271406
1663179
4244824
1011645
271963
5551800
272888
1041758
1529549
1807533
1862056
1095239
552341
424643
2549869
849745
5989324
388210
4425132
919127
1587334
378677
713204
458938
611723
358595
833820
2375586
1040934
340679
892478
528875
1609430
747830
1485247
338034
1324412
357081
1750348
1117228
1449627
1200818
517658
274971
776398
257956
257946
1942085
840662
877703
1316664
963469
457133
765017
890985
410465
4115234
1514705
1067242
1466775
2007823
1078972
1372680
304029
2586095
3090261
1488348
2330062
350654
506749
4134289
3693309
593705
917884
945894
1263977
3251386
1159719
574281
1249335
952479
910371
408723
743300
117889
3700577
603775
1439681
584638
947902
560150
484360
1613540
594811
2255858
3264356
533131
1495742
782229
793971
732961
2871174
3176691
308318
511246
2128497
2499935
430000
668559
1671721
1140148
1009734
478547
1476006
343886
2570316
380623
1252567
2229484
383759
2665923
4456433
1647715
791798
2342240
597062
636331
2011090
886714
1295538
1645740
334005
1669562
2157773
2532487
1618078
3089327
933076
1804882
1034225
530548
1335356
1368040
1240744
320036
3448968
399141
656549
885973
79859
859946
1058519
4437436
2095690
4393557
382311
3606115
2170633
177971
975714
1104405
528816
782020
920038
729815
2978819
1806559
325786
2047026
346005
358262
562001
476066
403318
2214631
1236770
1679133
522219
425212
477376
1487535
337864
672559
537251
515805
1421618
996920
1048102
3436434
451229
940812
4956675
2416716
1260061
2554623
1103504
1547350
2164168
998970
3645434
2242239
3136700
958305
422082
996692
540811
311172
341852
1065536
4046360
671406
5281336
332361
1710797
674784
3317789
450263
2035089
2084153
383095
2422482
3071454
1796819
1770021
1393988
801438
1264736
628277
2251906
319245
4572712
4099186
820528
260880
822695
1056086
857531
2762945
394132
808863
1980832
723015
869343
598833
1381714
4218875
1811537
2476563
285187
922542
2240305
1309455
378118
1034899
1447924
1141274
915214
1759650
2331766
3070222
1468156
1609648
1327106
1947863
1137434
1466750
1317898
2266864
2501434
1311705
315225
1004914
951765
563151
639981
871082
285215
306394
376536
1727596
402480
1418142
1046213
809491
1036888
5559689
2859464
1962812
1655589
255038
333482
294822
468716
390601
724588
334199
647173
1107471
1037502
1105148
1603647
1092241
697366
345397
611585
1694181
585590
516603
2350031
521217
1026425
2277075
2323640
1986670
2361558
1099323
1654415
1279814
1171297
1157828
699054
5024547
842318
1002866
1469700
1024915
2072794
763110
3697951
2101268
841552
363568
2138551
344284
318141
323428
424015
1491705
2578744
478809
317764
2741434
734902
1586453
2632664
307460
1536579
1753759
343001
4233545
1927978
396314
2736416
6922175
697314
565016
1020879
1536988
867937
3983100
1469698
442441
1945600
436658
367782
998415
559096
1497297
1061567
1327996
4903355
606380
478224
1931776
791396
4032253
925540
2275774
366456
1940946
75129
1662410
2934878
659108
642690
720573
1804265
1212071
2494702
1773207
789621
1171304
650757
318403
783648
1638580
304022
1700315
4432149
996230
2714565
3183312
813823
984023
880865
302045
271955
3290594
2408379
756309
3879918
3484160
5186973
1170085
2730722
1137995
1957127
2120678
3772847
5661027
400365
340454
582203
282405
604149
671743
1333187
758855
2344127
1011032
1380819
1119849
842922
2107264
3281870
311286
315812
757138
334906
1158305
6552436
2103495
1113603
1089474
1028252
518818
814510
1167040
374546
936050
1322298
2456293
255882
4402638
693243
2108079
2740968
1021080
672872
2127582
3967293
4554789
5189684
362126
818802
1099092
907210
493081
357380
757265
2541259
370922
418316
1487016
1291714
3569764
1167451
724255
1143996
963451
1709177
1135422
950167
330400
528086
327045
1044344
2401683
933942
385005
913849
882104
633026
323792
584244
4505466
413157
1505063
1088170
2454795
972329
649060
917670
2606844
639974
228647
2512396
408567
784742
4902238
4718334
2185528
875625
1704907
966175
10923364
1805907
1563718
2384094
1193433
2361031
2030217
1550550
1676170
1348316
407423
946172
359340
1366846
1127016
2078950
651424
310547
567767
2398969
586819
1440133
306379
1410093
342452
698957
2906522
2501254
1073320
1511118
2406413
1933191
879272
346156
1502353
3680809
538936
592783
430272
951141
322576
3510045
2787712
341940
376196
1496531
3444723
3078371
3009671
2692794
2097347
521651
1136940
505356
511891
1041454
638153
2564746
6244078
2797841
947566
1442100
905957
2810175
680241
2362187
960638
717916
273099
5668130
418731
936950
2179333
326593
1651722
4664635
713459
596686
1073036
764588
461284
2836089
595940
817255
3324389
361825
898792
2315411
1307507
2751396
1552182
2606427
1108927
60188
336866
4416771
880844
1675059
1876864
345859
3487450
973645
2404338
800113
609535
1011530
715701
3655720
606236
261739
603362
308327
3104836
2012520
2386279
1923388
4062036
6400356
2393401
3789482
977724
572960
315401
533676
441436
1108410
1619943
1320179
4579228
988236
406619
872831
3143550
409311
3808530
848774
3964503
1322218
2635927
1041099
583005
555843
321967
616518
1325570
1428134
837799
1012421
347147
1122598
52984
1202398
943467
1627334
1070292
2134198
1410249
3015382
1135912
2190190
901543
1182976
392666
1748603
3367735
394497
421536
951633
439698
788502
400380
446451
2297109
1003735
3812533
505223
592984
138859
2181937
1092859
3975410
1940428
734306
2665099
3782775
2587488
2420314
289674
255437
1245926
607356
880729
1789378
1373216
1446470
599734
1600965
1221163
2626950
1529732
482532
666507
2276595
1315887
1294696
1110046
983570
640979
786186
4418598
828886
1249130
5924405
1024955
621646
325538
1919270
1241297
3888042
