3097580
2160193
3964835
920183
1289673
1052458
1862498
361248
386577
1485858
4713902
3394242
1150690
862633
381408
3524814
1669997
1021766
1246639
2213314
3600931
493663
409700
424728
1457536
877417
502032
351905
534960
661546
1040685
1104957
1174610
459397
959086
3845835
389432
437631
448136
1575854
3498975
3642204
558601
2078936
506962
499646
691218
2771956
1780472
1415551
448934
366194
2029232
2115157
1026360
294200
887176
385650
1195156
572784
1229423
471506
676971
1438356
3726450
377490
519336
710503
759504
1801937
945177
471333
3701401
1500105
560201
363899
1999052
557037
1030692
1469221
439696
7595194
958167
411769
872659
2487834
4877554
1223935
1578026
1284836
667970
603016
2304779
1515710
3397082
4615964
306271
937340
2936782
2720586
2451635
1248193
1189228
1254838
567654
6145030
1649647
1930875
959778
1021424
503985
1688946
1297879
3472600
1346078
1447831
1529776
4881742
1638670
2629212
1283830
1198235
450884
3492926
683746
426417
379279
1355873
446435
449374
1039030
1752854
2517222
760729
882042
458649
1054906
959041
643504
476988
4033991
792408
523222
381043
1934427
405801
1065026
349838
1732758
526786
764913
467412
568373
2138376
1415831
2482016
2198014
1734939
584153
979584
2419503
514754
2170919
1447322
624391
2203209
1657673
907796
533763
848584
1488752
887169
691831
457881
1034860
3780441
512906
3198502
3386505
429621
714191
471517
1706545
5452404
1225087
510710
891903
1559689
1880540
1841995
456427
4956027
2604018
1538441
2012063
1252297
1613988
318249
1420632
10932779
595617
4052530
692900
5325469
1044290
1779546
1462181
2574451
3840138
752362
2365190
3534910
1950185
2401102
904680
5520702
2905339
433813
455955
1568395
1651980
518744
2668388
659111
957395
471922
1540249
7049091
1006086
1372526
490770
467833
483865
832534
423352
1618117
409383
2433063
2208223
2216646
683011
1828562
1663127
374638
1824610
930261
444058
789395
358606
447611
2853473
1388441
880762
527711
3490141
2410117
434713
495131
337684
1137020
1157912
803038
2251569
3673404
1855837
505453
1054181
910196
3152103
1562998
2038958
4722480
988167
1061469
389237
465956
2241253
371367
3247576
383765
1680640
668745
1812164
2830145
588029
388078
842151
827312
1245732
319245
2111158
440358
1177110
1027098
2652672
5264334
1986791
892403
632153
354692
3747568
511089
4475175
1517970
512754
458778
703135
1865411
1785176
374192
2619115
533190
1249580
3145314
586016
2143187
2559499
869999
1754617
2167082
408971
725945
572558
923092
533480
1541632
434166
2321322
1004164
1404137
714037
1250459
2332033
1243482
989728
1841209
3210288
3359141
718733
366117
992818
1159850
3315924
906748
876604
1841030
1003955
864829
540483
915144
1203084
436425
2981432
956400
515340
663907
878469
898588
1356707
1578113
1636247
861249
4427769
1460833
1691035
1809778
657365
2527244
964770
2445367
1318483
1868402
459961
1164018
956942
2824799
335028
1131785
1304738
1142916
2510896
546204
2446160
1455564
441334
2345574
2294034
365466
402911
855283
2903603
2744093
2007258
1770813
1222726
1159443
1183262
1975929
1362169
1330563
942479
4024832
533699
1735776
867202
1919913
1460495
417947
605417
916460
768125
2136112
2872631
4120966
1062627
3056434
832631
899957
2164987
2087899
1905250
1673768
1174632
3516234
571727
416436
1524420
2194596
2364647
2162986
915402
1810773
5924324
3509773
2550552
1263889
1698972
4677221
1622961
618285
507852
348770
562199
704623
2138017
1026629
2803606
768068
449732
3681687
425095
3282880
615504
867779
418691
5467298
3988874
649982
761420
2493238
937094
2372205
1577458
530372
1006172
471614
3567554
2528381
1384128
1522524
2990653
557182
3597022
928734
887536
2339372
951727
1014440
275410
442038
325942
5976959
843452
506394
2017429
428085
1759205
360407
2092140
10896614
386033
3522089
1887552
4582117
1493014
1030237
661509
2923649
3085510
553899
1634887
801750
433027
559331
444787
3201500
1047213
931655
1497541
515258
3732243
485162
2254784
879583
471778
626737
1646255
7278113
771999
4809888
428891
701779
447409
430240
978757
864086
314848
1284208
1342180
1321727
5257961
961172
1006946
1296946
1276541
373776
2594633
2692405
5169075
368691
1322578
447847
541573
1769346
447334
1334414
3086931
400443
1463892
557897
1888873
1325347
2514467
2096559
1566901
894175
391695
1889195
1223638
2092497
1060103
2361744
1693271
613339
738719
523075
597280
411916
2770506
3379836
2304986
3559737
1991308
757194
2808578
2154126
392753
443775
396157
543447
531420
2933691
788586
966055
914769
1565130
2134707
4534898
493782
607944
2810683
2429301
3220035
421155
420374
389365
547880
1217519
3791207
4040978
318156
563809
2167609
993445
914884
952432
4866914
745539
3056302
1824678
921231
1498863
3407744
507447
785262
471607
482182
1423646
1602443
1652443
870866
4352234
911514
489857
4888988
3488612
4295894
3279779
432617
386965
426771
547881
1755462
4204488
1542927
2078842
1565117
868056
2957124
2668387
3784315
470904
1202342
1101967
2739446
721846
778123
649175
3753088
1591164
514327
986899
329875
5159094
1088447
1484047
2670883
7558422
1166740
1443881
1827716
373298
1063506
4016411
2328221
931800
1282402
3326982
357956
4855033
615705
899064
479617
16031891
1286211
465014
872614
3224784
1179655
1696345
446088
885372
3050172
2037075
740185
451026
1759557
318255
771470
2047346
611348
1990353
690294
715784
537219
759357
448206
650294
331594
405598
1261300
2031695
1433673
2706861
439161
580103
1471982
2834033
1684049
1135714
784382
691690
427596
1442137
916324
3359887
495701
578659
871027
2101184
1866059
792764
730732
534954
1435197
395095
969474
2569103
446968
2068521
382588
1392866
3543215
544211
1871544
1636987
538383
7434775
850429
452457
532470
534515
742915
2335361
458282
526738
2355922
671143
1679092
1006557
548883
617449
538910
516067
716487
554846
5275849
3253110
495453
953314
414702
828622
1714179
1413129
1477083
1656579
486533
2808266
970375
956526
1356972
524531
1845277
455836
910757
2459754
1575414
5763931
880305
3614196
1484999
457376
966781
1091855
1921105
1583484
372274
3076160
549826
1759060
1599474
1581099
1291883
463332
669600
3218208
469757
595878
435522
712403
1917832
1786095
355939
1185663
3695313
870516
1610848
1019672
1221910
861398
736943
451147
1933407
299086
414004
1569232
1326328
942976
3226588
1458119
1266190
663973
2011198
1490359
2115471
948179
370800
1445620
407855
1126401
4473030
1994602
1072721
440622
2029325
529324
892172
902246
433711
544711
454923
3004372
2265021
1762592
2613954
3601423
2314323
2638945
755496
1519010
1037217
1176278
470305
442767
2750139
860795
1386187
1129229
1392176
1722205
660928
359773
454513
469026
689950
342467
393226
1599332
4774250
967122
1269755
1803364
2016166
1537795
2696945
486428
4112531
525670
2024823
1374108
837585
1423770
985598
2142270
1640477
1549564
2022948
2376641
1520608
874320
2901177
2826111
2940666
1740001
1364297
803875
870656
568578
488612
1949612
1989851
888213
2041600
441921
1900438
4638602
2990700
1902125
551421
447533
5568968
2415384
1885898
789011
3161192
500319
4875113
889239
1655610
595665
605283
877303
497389
3094618
434335
4433404
439284
638182
2358845
986996
1609030
460085
696691
633781
1560804
583303
729625
1788071
2388302
2820035
2622652
1414577
552248
1486381
1459626
1284143
1605506
875371
3720387
997593
1728959
984388
2501551
1471800
552336
1282898
1908542
577578
1607330
1018849
1128360
2777926
4921382
5598632
3133219
775353
3193425
4096889
1535042
845178
309997
514316
535091
430795
1010206
1678903
460108
6455044
392087
1448408
516457
853253
742421
486719
2779602
433710
1425848
1044907
4222444
494635
493596
1769565
3128309
557805
868585
4440957
609000
5615228
422407
2527828
2498936
1377266
472401
394789
410769
573326
3404080
2609779
3418471
1074360
1612470
495828
1536790
368695
1725179
2033339
1369244
406236
920629
3423308
1405822
1454820
441835
3506248
2290968
1916276
1541066
1615058
1074225
1143631
625593
447259
3275078
3726498
1889097
312877
539427
2580437
446940
457660
897306
411437
390583
499956
633273
466720
2252211
1531993
438597
2411788
2425089
936893
1856335
424884
3152008
4678779
1795798
745984
1248827
1317500
2054680
880086
2673881
992725
884465
1716042
1434509
1766420
3796683
375011
1699772
877423
1434550
518783
1937069
3136194
1148129
517834
588866
3948800
4150126
3375741
2071432
1342880
1265138
922318
2587798
2386321
441008
905898
1676433
1714796
578871
1567198
432700
1602198
3801505
497339
497654
2136749
361353
939941
429032
624481
595426
2404054
410075
626207
1853381
669465
2420699
3169897
2593316
883236
394728
2471849
392858
439992
432759
649048
972077
3570645
550208
415914
341432
3504660
1880327
1118329
2132925
1250824
373990
984983
1111161
2971067
1337104
948913
1488225
2771164
2392952
3438388
396627
637045
1577969
540242
515583
552704
923264
901606
1331203
931141
526394
1034301
2594331
439327
2750173
803757
549032
1252494
1702200
871692
7483208
1784292
1529390
389404
1292575
1170933
2089754
1449483
3189953
824228
963941
350924
395112
3989127
526027
3457636
1113986
916548
2725269
2018035
2279770
1349392
895833
1669865
384850
993296
2800479
3101721
372574
944843
1065860
10877336
1014733
545661
1145021
6481399
1931112
1522684
1354815
977517
1596458
1926357
1484954
3268673
379731
562766
569774
594058
439670
555174
488478
470668
1023568
829977
845072
2958339
2794371
421866
396939
1417435
370367
1199723
445411
1864966
4278990
5267011
5229492
2693809
980542
3033482
1067053
3141260
4401153
1179524
2130925
1864074
988121
3713726
431318
931888
572771
1507799
1328184
1741041
2072819
1159985
421053
915773
381579
686757
1765307
1498138
2279085
442012
331061
439639
2745365
20515217
559862
3253831
1086512
2980235
388766
1362938
1923022
1579908
363016
2311434
1520873
2918437
869663
3645603
680551
730396
907835
568874
749647
488658
624663
1589384
987864
8057969
1441626
3083683
1120947
454316
1108891
8470496
3033530
1761016
1166753
399887
450822
1394420
2072217
466957
3059739
2882050
688600
3516132
2470955
923802
549750
2952873
1511811
978005
3009715
399579
9089064
1217043
2086672
844695
1034518
3235788
2421790
457838
648440
3752019
1180279
2914394
5243707
2572442
1871955
437299
2129083
2845828
1607623
432130
2265585
3346404
2317749
431883
558194
574900
511132
10391576
1364983
481218
1588474
1569848
2419219
1552064
431655
453944
439013
375153
680935
1541485
2389480
399208
685901
638723
3837936
886162
930676
1033964
977308
417958
915439
314820
830137
394242
2611699
812945
507287
2257145
623753
2392709
339538
1531293
1418297
2096425
532281
2785715
873675
412594
1427507
881286
2078158
1278600
5423357
628344
447245
1178439
1734861
2760347
456799
407469
440796
3393963
445593
547730
518569
1183515
1261571
560985
2794453
393133
925024
1328168
329925
2340942
2119576
1277634
1826331
1949210
2870492
1114335
2835868
1352473
1002343
1247117
1966411
735272
1049871
1301871
1898364
915334
956254
1519834
1725941
5068569
479878
3709645
2157234
443273
605012
1130432
1120943
908420
1022145
1260423
436616
494343
917549
440035
3295544
1432693
444743
1191838
1656383
1006745
2085274
1387025
1398254
438588
532709
2300043
951296
3538900
1441016
1436655
2836135
2057823
4212290
1617581
1112786
1067224
1307037
359271
899119
4058274
4638556
1987804
588764
335732
4468335
419982
636747
1347892
6240009
383603
967355
868248
540099
1335972
1083499
630406
558534
2961036
2066113
1365734
986336
1114716
450751
4399612
411603
783271
1601709
447454
1169598
2213154
2663421
531223
758726
500113
2235391
510612
1900376
926715
468990
449032
1471153
477297
884893
518529
3107370
1114360
519972
7947010
928326
441023
2391918
610289
1091973
3115376
438904
472898
458387
447271
1580739
1512225
4444076
1948497
1168884
542289
1214415
472667
330115
445193
1028057
2143450
879988
890074
1129930
583575
3816569
872206
1716188
864482
984716
2933143
2071490
1212428
7211176
489615
327510
1148899
1598188
1136115
1201798
497003
439973
927439
386774
1177024
2512805
365228
3697785
2273175
3110368
1051444
5154771
302735
614743
1977944
1714760
3455085
546394
1110174
396037
1100067
1618693
1742637
1472219
1266250
2397532
2970176
1442635
310752
330700
4090751
542630
369799
594676
8656468
4286139
1362715
1059129
1272455
388040
1196134
4327390
950663
4941902
1595563
3575227
387551
746255
2080326
377988
1010035
906319
1917190
623857
683859
490655
1974296
1969631
1311495
4649698
1443450
445882
1145237
3701203
2608287
1048364
541419
1496036
927620
436945
2549775
1861172
1435719
1068855
557569
4089668
987026
1561744
2176308
3433832
2105999
354846
711511
1627867
1342487
2237822
1446813
2536715
1344827
3356047
3054766
3045345
1146280
1898341
1962082
3431999
1306500
3018412
423871
1568521
1377425
2741229
449242
2335583
3495660
1193608
493619
720006
968364
398964
3263616
2138580
4981621
484286
415935
2061330
1750153
322113
1315372
1631589
1169798
416805
737632
1962562
425226
534712
2893694
1539774
921449
3914970
2731706
445615
2611745
2413491
446685
2388310
2453642
854030
1670353
940521
2542769
1412632
3519314
767237
390319
2717965
728970
1612741
5798242
408529
960329
1401434
2932816
616673
1980766
757515
1436525
4479645
2789450
999282
575437
434693
2618918
3189641
482008
2384231
456827
2741171
753002
565085
688992
662261
1767322
3427795
1258464
407176
1656590
1013926
2790767
2237804
3056386
457512
2490586
553073
936026
425143
547570
2045163
299773
4343468
5324423
2287167
637776
2421198
467782
609156
1098026
529130
1708528
1461782
933065
3027021
3549190
1177928
2589136
3304795
3159549
1990964
727312
540852
304382
962651
2168190
5362004
3078690
1118839
305045
1019568
396632
3223781
451776
896493
2658521
2420040
2088214
403955
2848057
1064093
290804
411545
3222880
426358
383117
2530203
2598075
2390750
1572191
2305193
400922
432080
606943
671950
2911129
1602282
976729
531292
6479694
1185907
3037710
418497
1434942
406715
5596441
2878024
502975
4020020
1997822
1147232
2629120
3104265
1107721
736813
2221741
1881798
5180910
5937763
4124072
1020045
7957187
473694
1591239
919918
2317833
557514
1985412
402620
737124
1449629
373256
1303001
632023
410193
897413
1002407
1683946
3292265
3538649
4649883
1423809
1213514
1350609
597926
2100495
1530975
407340
2079554
513333
2450926
1335388
4401662
1833923
434948
4034473
402789
3363474
2054658
891275
1766712
1562308
610520
1024363
3103443
1666737
1148378
2406513
