1330894
989684
1983425
3281628
382104
1553923
491874
4415872
1535366
887617
1543622
362683
3129293
654186
4269765
912348
1272103
659219
353396
2675332
309741
269282
258985
906838
3843065
3996975
1042898
883392
926363
1451132
1028329
1915446
1111010
2935102
1770233
629490
1061049
894044
1092887
1193201
614555
1209962
2069707
1080139
460758
2812417
1892775
653542
1107641
835074
848317
1658242
3664781
1412761
710102
725188
1262000
306912
609579
1372727
315099
2075797
926932
897292
3222770
300652
492661
748251
841416
1989385
834466
567721
962073
360654
727071
1750155
1422028
1007086
728748
1383287
370782
1303462
1607819
1045831
1062166
622617
624221
579673
2763099
314264
497685
3350347
1077526
2304255
1404208
2941681
2326459
5233737
762947
775466
1781380
238897
868752
435603
788259
437816
3510612
291589
613440
392466
321166
765041
675877
345892
633525
2963680
2097885
1122456
1093565
457057
2278533
1165686
425081
1058586
312768
2079631
2438843
3436425
3440225
985130
890992
865262
837848
1071426
1543393
927474
644122
1087220
2021772
4271285
301570
628448
2029730
2075730
979166
620012
917350
2605813
706468
1797337
307802
965939
970553
615771
1850727
2668086
435208
508214
491906
712279
607226
1818568
4069554
582378
2951887
2498852
665583
378392
323753
428721
2029636
1090154
558257
399733
2172746
1554278
993624
1297834
1044232
2599101
668266
1111966
2074743
224482
391719
919446
388339
1097646
761931
295350
920495
627089
403412
2966593
317956
1515406
585604
1345395
533415
777372
1169470
1620738
360441
1071077
1455593
1932162
657042
601876
1207883
1198599
1763774
3559670
3473773
509766
615232
1611399
568519
1258614
1179406
2374244
286792
837305
3062768
738547
608052
233001
2114522
403023
4479806
1808018
665971
366558
880053
297420
898312
2905576
2023357
2472537
639595
2946898
613000
624728
2219104
1078412
1179978
616768
757356
981544
292929
3288598
604383
622085
849076
424258
1325142
352897
3825897
2405394
1278071
401100
1642841
718349
586362
939783
2269842
605721
595745
499857
1493522
1360077
1211895
1201932
1087405
662617
1155410
1077161
379196
1191521
652909
5238025
567048
1748152
2953622
1174354
308678
1538637
904060
626964
264732
627324
660556
659050
387927
599464
751634
613727
2542856
1187615
974638
1352983
1092241
2211721
1009481
3537765
1750227
1616739
2108472
1557757
605158
772935
2123184
1193007
2495667
1745967
1151000
1438794
266071
1467191
1034492
259092
529434
2216143
4660722
2928664
1762789
1188635
897291
530967
3347227
3789142
632027
586844
646347
2549929
887863
890540
1882015
1638798
787590
629880
947280
3214501
687713
1661863
2721480
1885755
1150028
2356611
675555
1585693
882266
1339413
528346
613939
482681
677446
747201
1217828
310926
1298353
471775
2549268
2887617
327983
850578
1142334
412327
643504
1244882
850038
589765
1865296
3494494
683339
1762221
414299
623195
1168622
271800
1595681
2453763
372521
1795997
1544100
771179
3574496
422636
1261567
597863
878365
256798
2216734
623778
1172904
2096207
747828
3730219
1749698
2511313
1765242
1596087
2200941
372656
3074248
385965
1111109
874678
976344
887096
3260845
371737
1202386
2449712
731573
1134802
637009
3849485
640209
1217542
661582
981405
647539
1438981
1364334
2845760
956492
923061
537717
606990
704367
1550999
1524264
3301640
669513
534292
423861
617422
2907364
639952
3545359
1470670
589623
709581
691028
1995691
852685
1233413
4591025
1212073
689744
1197229
1017228
1593979
284397
3057190
1156720
873246
628667
968309
1095643
2448390
444638
949410
953884
5589819
299018
4247956
1646464
1210227
1739761
662861
2291259
1080221
695424
994765
997042
442354
1714056
971135
1194570
618277
736354
528289
402699
3577032
1151275
2019608
1519045
884027
387751
397126
644783
975316
361620
306668
663979
1198176
726478
1095463
1419616
363989
1269157
1061683
2296806
898010
754196
606747
1947272
562362
308954
257174
5160534
1006513
429544
448470
435527
1123240
849267
536102
551836
3640780
651727
1232987
204494
1119525
3021082
265950
433069
424606
2568097
847493
1050118
1244981
1357960
2447850
1374816
1242203
568162
763494
2068236
1099473
1395177
1259595
2603817
2812143
1254058
1084102
780585
266776
816391
1889650
899923
1983665
1112701
1352235
346746
367940
1040863
2234913
656461
1125279
714211
1043623
2558314
1138921
3211424
1070868
1503853
2740156
522270
501725
1135409
652801
414758
3599742
503216
1645928
418043
539478
411568
1332890
1189787
1699022
1287885
1082766
412044
253641
1048833
2591685
745321
838976
4402296
1619431
566038
363838
603978
1016824
417857
2143821
3416023
1422336
732460
763584
274460
2211762
258041
1916772
662654
1582209
472256
1319195
995203
1007553
1181774
319347
730025
2516465
242535
1904370
1932082
1216142
1262648
651965
2749070
1254428
840902
2719103
1377788
945051
2127465
285581
1152008
545078
1140937
645498
644086
308412
4053014
1099318
2020031
733059
852970
3933674
3177446
373039
315821
460812
875692
1017125
1044697
566627
678121
3116360
925049
381474
2281424
464263
318300
834249
270731
1728443
693177
1166705
328698
430083
285242
853587
2045087
1854294
301285
622113
667731
314761
939864
297398
574578
1186516
880674
288182
391733
2910066
826245
1296172
2283886
599568
317196
602871
686414
3469382
1082544
386776
1094246
2239935
4796842
1387185
702104
266785
999543
705445
723369
761514
859817
1827714
1102791
273598
2048651
1703771
434183
2780025
904738
484853
786520
3299521
2899721
1201130
341949
381273
667377
1658841
675940
267061
2277720
1297675
323211
1393421
353946
2933554
2252652
1090994
441885
290152
1145179
1028180
628700
1211913
2979867
532366
732910
654170
427932
1431756
650021
1428563
393979
1392397
836405
741842
729651
673570
1124289
2115560
2251784
343825
3824419
1046444
864035
797898
1890785
769643
893118
2862572
1355402
192686
757849
1248701
515526
384256
3233822
1400589
2892592
528500
1126166
655904
2749548
331332
859959
323634
606488
610786
3582847
223097
426214
1415602
1186387
1774374
1056278
455188
554606
2010744
1375377
1831741
1188991
1191095
1033567
282746
1530663
694269
1036617
1665190
455835
988840
1542391
2100818
692506
6407738
901332
4793236
903277
2439831
1700969
2642457
947289
1274683
858068
991128
742715
3520776
1300613
1438764
2877461
2309205
625388
900548
2727182
956203
610443
4642779
624633
340961
1111095
1686116
998394
1105232
586682
3238671
282773
342469
1171590
1852801
1443871
389053
1885989
334996
1155230
813906
1486435
1390672
2001529
779274
2041201
898036
289274
688772
328602
897903
418243
1986025
909531
1115319
840952
388434
694386
3116405
1310344
552360
537206
355122
1722700
1149435
2057988
866407
886182
4634599
844645
4218358
1187196
378107
1150675
799321
1587394
792738
694813
811519
325871
1042779
257385
693505
1051945
1318472
3506600
2138242
343088
839339
2712388
892179
1484833
341548
1811461
927807
2823134
3246816
1326920
802451
443462
1700119
507603
1569552
293771
727391
565289
626896
2271712
407264
569382
1501540
1682770
1175155
1102725
1919256
349626
699433
1417764
484965
423422
875735
364522
1471737
315019
1569236
613893
875036
669350
2632785
844816
684123
2730981
1179329
203463
1413881
995209
878594
425630
3196814
1190804
316938
1042220
591548
3343337
1646649
1032531
1002775
3017781
1766575
798422
938729
4362375
1827962
1305411
860299
2779640
649546
1961053
2392294
2742171
2428436
1883378
1009844
1891636
1960697
435625
862677
1275747
4417676
1423614
1144326
629962
280340
715145
1073238
1573458
648841
404746
1701051
332440
292743
2753954
585337
300484
2128417
699011
1828459
589305
648600
343636
386566
665864
596256
285625
1904705
841160
1302956
292598
755235
1034781
3849544
478500
306007
1284955
356953
669713
2259757
765490
2745331
378545
2475607
744700
961653
748707
646134
1374342
401104
273516
1941709
3151054
1770189
452462
439904
1618694
1913840
1441772
1702479
743917
1986449
806969
4323964
1372127
766783
600147
1284827
1420072
557892
1451174
1340997
583998
467378
1492984
682282
286500
340824
618204
329789
1617402
674025
1613039
1805300
3144411
291660
474907
1006934
2117780
1597124
1558691
567172
2871351
372673
2072889
2263835
2572239
1438125
2242667
767469
815830
1915232
904237
446100
1061955
1706117
320701
786806
1656275
1523570
1078637
301989
623599
1823521
1559753
1055690
4240708
886814
1178614
733962
1004381
1945561
1128349
635589
455551
659760
1310538
3627789
1344338
3714363
257315
415734
452074
645353
945437
1947261
3787232
384694
1362585
2095386
4155720
973393
1109276
643473
3467682
1082285
419005
658755
833637
650659
2463193
246090
498548
394005
471286
307051
227174
1628502
5878646
4494227
681279
840256
417648
1209034
1019181
667150
758897
2497591
2916290
453076
1989201
485760
467593
985756
2352982
652821
2220819
1126386
1026319
614291
954610
1066852
695383
338890
328107
505675
619038
688160
729173
351061
708367
670879
640592
378669
1563746
395179
620699
2453485
1122407
3412803
322244
5017358
1681894
2644501
1512982
801721
1638049
1168347
1100376
1252093
1176542
393184
1075198
1749713
496085
284940
252583
877915
1797833
635221
2295299
2478037
580050
1456467
4890693
1599188
3301146
1996834
3175778
902059
1195648
615428
680185
998818
680636
2000415
954260
1573250
9351549
934572
995156
443112
3236449
591367
1026235
1029929
667432
948474
2113095
3362435
381226
351285
1327826
1772077
310828
2098628
1204842
3258117
2782685
1006140
853291
393129
423265
282523
347915
1099566
1429540
1257879
645068
624704
820248
1140433
1717255
1973397
270457
771299
1238755
1311514
947349
2274369
741553
775601
286576
245574
949502
1776690
1582257
206849
256990
1293916
505986
639402
1979157
2534150
3521774
2490689
1576629
1245456
641116
1102547
2114476
786360
1576646
330074
837733
623939
1255621
890564
1654356
1250606
1111881
1458228
756998
1085557
603721
2296338
1104120
3970722
414641
592188
418344
1509659
286789
288965
1167426
1100967
3014888
847799
1605366
838658
3732112
2368094
1034884
876378
1010364
2102905
1256470
2855972
648394
616587
1164837
1264586
1682775
2683842
1640700
949494
824703
355485
631482
1446904
2091190
682576
315483
2226857
409502
567802
805164
2157890
799253
611437
934791
491204
560212
1207346
580862
431448
1965158
420568
739519
1937864
2146179
594765
381614
3486116
1273365
2221901
301644
1530966
272550
1241338
4598493
818166
608395
265731
323672
358562
2545449
463791
822981
619662
925884
1188373
556309
3001309
3124638
287218
1068105
505268
1200802
382068
703865
895961
624026
1048096
341630
303365
301988
2148033
665833
1070777
3427221
212671
316940
1652600
860714
799311
466641
3689780
586599
878369
10170099
1204546
1109689
1346933
703730
318768
666380
306294
1424687
2167792
584378
372381
642705
825570
1331694
953348
973236
872884
2950133
1674108
321455
2627491
286404
534967
241466
4399818
3485723
604140
2756580
525211
1108032
1521502
1301010
1407531
3202251
710896
392135
318831
1155829
822437
616991
656162
2197746
368336
1489238
360283
1001025
849882
381223
633455
1394637
2203208
1925572
1376941
646008
821782
273437
1911279
593385
972214
1727988
1122871
1129580
294947
265117
955417
1030992
784525
16915857
2995921
368792
432778
357630
1968135
1091075
662285
1120258
942615
1049823
294250
316852
880957
947440
998070
355534
677272
1367689
2864416
695239
289742
2439183
774020
267442
711249
243701
2146251
2241820
1096896
1517750
315949
1687932
2602782
1417636
4456008
319542
1380225
1126846
745277
420440
470436
543065
6308479
315137
894989
868597
4242877
2356789
714690
1397962
883228
1775701
351538
2520680
1752950
3117928
1995094
306531
2703008
482680
3777339
510208
2475613
1441401
929008
432160
3652353
1848373
1607471
1130243
839447
1229367
2460247
308288
749487
1358504
2061402
986428
700674
990218
3476258
892735
2021976
808412
940315
3789198
503211
936245
237904
700068
2486706
2033122
504994
2346705
1793801
1283006
755273
319800
2524869
637490
978727
829376
1319975
1146168
883172
1282510
809268
2311242
611476
1377650
1696885
822998
672328
2689348
1259792
1718854
1092546
743447
1565718
367233
1925839
703603
3278548
558825
710565
897718
909432
2199482
1474309
290406
2159568
1017934
978474
3794454
1350081
4355065
1952641
454043
261849
965125
1568537
1085912
1012468
1046221
1139257
2152955
1821296
290526
3040008
616643
669181
862936
557065
305009
337286
1554199
2340550
393096
618144
1239924
1183397
305815
266974
1575091
1714758
662585
1601738
1191135
332864
2252827
847508
1209292
1597377
1941794
973421
311186
546907
2572324
759955
1450482
586057
773256
3628836
669859
263515
664518
1017282
1697947
426600
1082475
258795
868554
2058558
629701
2177657
2553948
1482772
4888506
1170181
1722048
1970566
898394
983056
398023
3046189
2816820
428471
325938
2116042
927882
1305979
1115989
1129313
882140
2461611
310381
302694
295933
1043830
2978398
923959
1347793
1217849
1360141
740921
585756
1070654
1259608
1802320
866659
2998819
375161
607346
609093
1663334
654406
2013923
537247
2143435
2660417
1360385
1165172
923230
495010
1882554
3430601
2256724
3864858
338897
307468
1679801
1071929
531385
820274
682225
799488
566649
757442
3718637
1152528
1972030
269563
349061
763387
2676303
1221372
368547
1379628
657387
824467
3499676
1721071
837001
294441
1519144
1262877
1289334
662318
511308
759575
1106411
1381218
356337
1022152
999927
483432
660273
618255
302694
551803
1268862
637949
406814
2040667
1172528
765823
708395
1385147
730784
309496
877996
590150
1848213
3028609
4408783
2594565
1076712
1283476
773926
573789
1204021
887606
1514686
1390310
563579
1171812
426381
847021
339878
2525911
1604195
1333781
1441745
1853759
1113309
1357596
612817
1158974
327052
2179053
3464647
321491
1028179
1864487
1024646
2115160
1037582
2280198
302391
815619
1340978
751479
665012
481633
4578788
246826
924946
1668146
1084586
660140
325171
3007777
1080427
280599
755530
668940
1292810
325513
3024280
318274
245667
903270
1493997
421201
1339181
861706
1153875
873839
276234
3766028
3604698
1004624
836207
1104479
1527850
2515938
1385719
464718
450643
1869810
2239104
797361
288558
975728
1520283
1528380
790312
1519444
799173
3468857
2480318
1075283
893345
1117643
351138
2473781
1972525
485034
441569
796556
1860198
380615
952479
294825
327277
2197428
939703
330187
233166
2749310
3061436
1067159
3321437
1099298
271122
877119
1120812
3164802
3676345
582942
1906265
