2554100
2182041
910477
493538
244228
602768
927322
2985858
844951
1386269
608730
1573621
766238
710087
495694
1838075
652852
1847246
798096
775536
621283
1354105
564375
778267
322014
577562
839352
625508
4589387
1723862
3057918
627413
544985
807255
489974
1383851
462813
972324
1749374
828979
2515303
653840
209686
514386
1670941
572278
1050713
579278
2044755
1045151
686689
576218
1156600
282873
937777
1313791
2014941
791504
1060711
2541489
508736
833858
764633
462979
1637268
893987
3361201
2001388
1079858
386362
559754
2102373
1915938
1199951
537081
816745
562955
1082713
2030735
520801
416007
1510697
453338
642666
674002
1079431
2137744
514897
630986
1257535
539776
447687
1541856
938738
523960
1968447
1253603
1055052
349195
391623
470446
678365
2576355
412059
1299846
374056
1546302
378550
375586
379796
620798
1027017
837037
513055
682460
515824
1931395
731056
653533
1123141
1808076
2138422
1604097
924575
398011
887647
737107
531163
2357552
1241042
827603
2334845
853958
744023
610215
837368
1311688
469379
451636
578473
2651676
393670
504411
2836800
888314
380037
1622723
2220502
610162
1537658
977114
484980
1529725
780571
453243
432812
2810764
405910
2137573
496842
679978
728456
630672
1586053
498200
940782
1957742
620349
1310892
283738
2010206
438159
415246
1159304
2019079
202762
442836
329257
449089
565821
843379
1486504
1065234
2101244
364485
1022774
658113
429081
2074133
355637
2053407
594833
5996175
561433
495048
387716
368519
535989
1260667
986274
1127899
520679
3050478
1916596
963485
2488889
1129987
898942
1632696
648817
2958492
1475043
318805
916205
1020758
2558870
3941065
930028
197129
1850360
1160098
1058765
1415712
958936
529636
376428
1833945
2124000
1347236
1111027
1204128
1200713
506932
991298
1021031
369130
629212
643200
793560
360339
577447
845641
882019
451226
1737886
398306
1108471
1241162
492504
1672259
403663
1332156
395422
364242
723951
2108491
574558
401780
528698
1496318
1172721
362092
1680570
351855
1185344
1000861
731695
707771
1249191
591280
561193
1359664
384349
402257
1733364
1113054
611527
666145
713328
590254
535132
1481506
1201652
1086563
291854
576147
715517
1564413
528862
155946
3688123
773756
1280703
450667
596336
1370879
628889
2125655
1146431
432692
1220097
1052700
1749806
1090203
807373
822698
789728
878341
2385904
369695
1256870
1878826
1426604
1228168
836658
604950
416083
945430
777250
1071295
1570975
717050
1215460
808125
382555
845593
1270585
1985272
2228075
820058
365792
615228
611473
459243
813806
2127526
1363081
4395713
3114623
383088
681691
1029850
877837
1397170
1641792
793362
1872718
1491922
1073845
561806
1831340
502979
1720321
878698
1621784
1262373
1504438
1847041
2414329
1153157
2635196
371600
1093745
2181974
1235084
529421
2197999
1101724
1178979
1971422
362532
449612
457101
3184089
1445847
3174846
1783458
921406
2974948
805299
623967
621966
335375
1351659
329561
1013887
1560912
1078677
1545221
1197102
1506911
785786
1094328
208772
553556
824558
991554
549975
501685
1876663
1081639
412876
448960
764075
1136006
1946878
614512
2589058
2752732
1077611
1535583
2297029
347307
1020098
454434
1805870
392919
755545
2746269
602520
3584355
261925
1036255
683898
2933891
2276234
824327
276055
1224544
437679
2477151
1511802
381468
495605
1205967
1218228
384991
515819
826852
1006205
369162
1546734
1590128
966696
1572310
632491
2151044
1341466
553381
597144
1394601
406728
1581591
489859
1582218
721101
1177975
396309
1078541
647706
517838
594416
889473
896231
1455228
1354925
582805
1047171
827086
1054199
646379
499235
2371895
1930765
712106
146565
472103
1058719
664876
509482
381355
1388563
2382169
1285489
1034036
458302
1690431
425623
352132
1088272
437142
392746
3821710
400826
1214217
812655
1385296
716649
364695
708374
849738
1461446
1542602
1169256
224615
742782
383413
233846
733779
367904
1207431
373161
2022187
763797
379329
388592
357928
619845
3290834
873608
516505
1306395
834024
882250
1508100
3374416
635867
541423
368406
699188
1096901
1531826
1308195
1695567
380291
1341517
16782157
394445
835569
1141356
365149
336009
986987
1554959
674895
507699
647893
313854
1500297
109316
1421282
1249963
2844883
776593
962538
1347430
2734365
640564
2485320
332016
728320
1115435
936830
671444
460153
3187338
1525274
271094
1144979
463003
294607
323180
918181
1456429
276583
1197660
484999
1888765
785319
2662864
1303020
1724599
789946
208185
336642
2667105
593003
435467
500464
2109862
2235739
619403
516994
571316
469785
1714488
505649
580247
874612
319757
416943
228771
986190
429530
828527
980601
434463
858726
1345810
1898643
1097875
2778060
1024705
626027
2152381
335314
1133103
338915
1006092
954448
1496020
1929180
681743
760547
1643139
390181
572843
787341
1122690
758685
922591
713093
373706
429925
483805
916980
365599
2617485
787705
482193
367793
901440
629342
408767
1901907
425588
1085156
421240
1095841
604554
682502
388569
989416
448421
361167
516902
2060260
670401
671164
1237063
926683
659221
2526559
1939622
385204
377044
455649
447861
495723
1184840
377162
538310
2407068
391920
447588
383761
1026452
907983
178411
794982
1041489
382862
1238619
428135
2167810
1466953
1231431
766277
1093321
1153419
528526
818109
694828
477952
1402023
523894
492951
379332
3027375
1489298
543058
2268233
212059
459614
2192619
740377
1829216
1254076
375301
379517
1883992
917878
1241283
1553197
2078086
1125061
363996
592162
574195
1604142
1428444
451050
217464
678238
1228977
395783
358328
2049061
385379
2952869
457724
485386
1487722
980522
1554887
178985
364485
1679148
1095116
612742
377578
814941
336709
5237650
2094678
1221281
2356271
900088
2010820
2685485
1738036
738087
1717111
1341234
2258460
998909
1449443
1059689
372888
892691
573299
2604564
2039790
3992202
1417486
455452
1260565
1989320
405761
1547176
483489
2452905
798605
1833920
878759
2848249
909254
2049463
1679857
687648
954423
701244
1022194
1089980
1734169
1973783
373961
3094950
1317308
683071
1326528
428322
1147137
755674
1345331
1035862
413114
793099
472228
2798783
1125785
1394276
535500
589137
1712033
601868
443345
808321
1182708
671886
179145
590629
911541
490596
948005
2346215
827909
1463754
2876528
1049072
1358495
2065305
675147
697861
361646
573950
427387
1629733
1127915
2345133
746000
445731
2189598
1268323
908001
357586
934331
1637011
505982
1310659
1168314
411967
698354
1797038
454841
829567
1545660
984246
617829
543812
574438
390838
384004
589909
4144209
415841
389964
1680883
1554110
1118032
1247144
1486693
538038
2067984
2167625
365182
1111949
730924
768516
1772973
450347
830307
1484099
2030546
729169
1363882
537306
352175
269782
1351742
420334
1453184
357759
829230
962937
587585
1137546
820126
753750
511727
477415
1031234
1509749
676148
1307248
290072
1712233
388926
1545066
369908
729182
1431959
963040
2296878
995962
1317537
1082723
890711
518987
1796267
681481
182874
1019512
902398
2419014
816929
448616
1630461
1337337
744730
640327
394364
680800
754443
660199
1332189
548469
1368869
557600
1541215
925830
3340307
702592
972416
2913115
3280484
672168
1996588
1215388
1026858
737421
1412932
440500
1857659
520065
2559955
978742
923453
563445
1268123
524363
1070313
1244894
597851
1879001
588135
193981
3345563
1346292
1750939
1063992
1239016
552255
1530185
657340
806976
1074860
1059300
1535407
489462
650397
712976
789005
920855
1542871
351668
830536
2257664
737721
713342
600937
250287
701500
4061658
300202
1735850
969197
1454009
2232792
684183
3074153
606436
1192664
461242
1258275
345197
1002452
1253654
1326590
2271991
2486245
681704
2189175
423970
816095
995318
4373930
1779459
1089703
752717
1594598
1376371
689506
1796248
444784
441568
1018780
304607
855385
472685
882882
790736
862561
611693
427489
1340240
638334
1025482
404804
489178
1188619
758722
2145785
1968227
541216
1855171
1309700
400879
1020801
362205
806959
2485874
978251
1615390
528612
582232
706605
370455
439310
1361439
731752
1671997
528805
1004909
2047162
561740
718428
400545
934700
2348985
558627
1107482
645996
348239
608436
530946
1349702
2383322
1126728
645409
477316
523457
351575
984375
1347880
776232
479852
160741
793781
343781
431679
911358
193804
664818
3158960
393987
329830
124197
1597708
353620
1294260
971105
512849
582131
3231684
1199461
1216032
1223284
413500
487235
1177256
399127
3014888
952972
1995234
2097370
537050
1078738
1005904
573924
1386371
1450729
1007750
2560017
216818
1544688
888228
807225
3716737
1770347
806465
3436463
782510
968534
977362
212988
2259493
766738
392774
1015302
3894899
940275
964458
1534864
579536
889804
686663
1804386
1242497
493261
3208585
258677
897237
167948
2161827
2290891
826793
283875
527317
5104625
1316834
520291
666656
606829
809315
1994192
540948
873510
584963
1919656
658653
429439
175450
466932
2885947
2045341
366324
1252425
756381
425789
588491
868542
431184
1847778
1355804
542246
973519
544029
789629
437058
831583
701044
1887504
379422
1082802
917449
946943
409292
1338241
555100
670101
611092
752529
1399757
621158
456105
426664
935476
630230
1050112
788876
519682
340721
701246
551282
869349
443920
1631742
1059482
2146268
500324
597494
830158
2072344
365840
416905
571337
1732001
861815
412806
919473
1118878
969442
3243277
631310
764668
353587
1140193
726730
2717010
664024
600051
1769968
2090414
373820
346274
283544
850648
951229
1965381
1205941
942646
732722
326817
524573
369610
1061509
316388
914452
348205
3079491
459050
1277848
156637
407885
166847
302685
4494713
499473
516994
553669
391941
4897263
1597803
1788145
375742
3541222
265823
913896
1131891
386098
1084296
539850
407757
433085
900515
495362
491146
651367
288417
3439814
441659
389535
528271
850123
962340
3706351
466780
801792
3176301
455270
480896
2177228
836825
2676420
433771
515971
727281
817526
746719
254484
491709
536492
1293400
439700
1461922
5295707
1527224
813819
254788
178366
1522343
667511
335949
361304
1326569
1411479
1346560
1028038
1054213
883431
830030
540138
1694852
1085311
658996
936418
554190
598837
1575536
190824
1397082
686660
900605
1650618
567306
737788
374617
1688186
1718648
334086
1983018
1055739
378120
531188
785062
377096
423682
645995
877494
545051
1615769
401530
1714095
907608
769959
2172800
592414
444298
442046
600492
3498648
916072
1253619
1307760
399842
2898864
1396445
456678
1084007
361304
321587
1903153
423231
499834
542485
2527616
950149
717524
329083
413101
1132720
561009
892940
422616
805476
518989
1126936
2736599
414953
395847
1122182
664939
565941
569438
1147014
337552
1436195
334945
610153
1614891
1318450
1397557
1130905
1883279
601399
393395
814726
1283839
416157
621059
2345172
867989
560270
436309
543451
1795486
574438
913460
614892
1006966
456252
478704
703003
461788
497102
373881
473106
685961
935177
129527
474879
508090
856910
490044
646437
784152
2057158
1716409
350275
197428
383647
799661
787313
2214173
625344
920641
1866258
963434
505751
571191
1193429
223459
391244
207837
1325221
475289
1171747
1142752
2397952
1635637
1515077
1756505
2200957
1126337
522560
504531
510784
786548
934256
522460
624498
545703
1001769
1741227
510316
456934
803868
398579
556989
538259
1465616
1203507
876990
214937
3831201
1727603
2359162
1132016
1511692
415279
604337
479968
622781
553541
471367
1205117
891591
1095379
1392419
376210
684620
2184997
1726761
436206
633093
1417424
362171
1332703
1075861
535447
2816940
737336
539757
931607
1304355
865286
541226
1459007
662002
1710234
1031897
540167
985668
1266417
1228347
983720
392777
454695
386320
1239961
623702
2400989
584291
597989
652913
395949
1567003
374774
451574
442666
386102
422540
2644119
1540149
332044
369390
395601
463473
655384
892619
1660695
523576
1126002
564441
962976
1708852
1326527
1505731
648523
836262
749678
531318
1291325
839637
1016405
2587355
1193542
210116
666477
642768
884211
960480
1050867
737326
1130913
1314988
384836
1018167
408639
1948037
1762946
663716
1304169
1639489
786131
380260
869964
1410248
403758
751539
399783
1534787
389535
489326
208049
2619422
254471
515432
1769269
2509914
519039
1322779
817884
2492534
1222705
307949
700588
1086923
847035
1532294
411744
483549
488258
4596227
2377799
746394
896620
2283770
1978822
203432
8757930
1740249
988346
573007
1788426
1293783
772884
412436
1050411
3095601
636369
479616
915341
703646
368236
546081
503266
909772
412614
1106359
1042059
302612
1124264
2923274
593512
761236
1861322
938745
351489
496050
861643
1678506
710037
1531866
1749215
431384
1053864
1357238
1132375
887468
886211
584008
471887
176144
2330937
721572
1695863
670185
507810
662821
512104
2483380
366980
884703
1511915
667935
892244
1501544
996759
1572364
747226
596708
1212705
3292144
870374
1374399
752210
870245
939820
606697
920624
669260
1366278
3308814
393810
419147
865948
858820
1547275
460658
825236
1149234
483580
651123
526989
386734
1022800
1480181
841509
715925
1135375
329336
955005
520023
417071
786077
1309691
1237316
474949
1538436
439814
1192961
1243653
399061
611840
386754
517910
584163
576770
763928
2064622
2738247
388758
711596
347750
882300
2008600
825991
481327
335491
934160
917337
2034427
527129
373444
391390
408544
407195
871614
873200
376062
1043863
3580130
528117
1464505
379883
548563
474583
426292
457316
762083
490348
1392669
407363
1090378
2724962
653517
980533
622391
2904940
1879672
599454
520234
572651
521975
2229843
1114539
971592
562040
989200
1363601
407695
416654
2918655
443541
1101501
827269
720472
765276
1451369
549779
394083
2839039
2190963
708120
759017
1011003
470323
173379
589905
466137
346665
592729
2208044
1489531
1544510
862535
1195515
701796
812370
174064
685073
470816
473812
1138171
931339
859030
504318
1763772
309915
388254
1966556
1040016
2661355
1011034
244885
1039266
531597
1713356
1698573
1547751
1704490
1808282
438459
283970
1755804
1795973
1669136
831426
2283756
460922
3587906
668215
1743822
438349
774471
152725
145338
829504
1613494
927315
389492
746791
2238612
1100077
1296508
2847195
447444
658232
716290
861255
1372979
864892
2032344
433473
510635
716591
2500427
1436644
1102125
1196066
411114
558255
959564
1607428
671894
413240
483428
1383735
2846655
912446
384021
426735
380340
1049539
601208
1890121
955846
443048
926850
534719
670973
559650
1030147
434193
658641
381290
286106
501052
496642
694386
535104
1127068
723307
1758106
1841448
1099218
503530
1408031
582610
1506535
318632
591201
569719
1500213
628654
398110
583830
1921688
383185
932794
1170587
673222
539340
696135
377283
351054
940101
1488640
1242778
1407141
1228718
1702232
1511090
545872
3529497
763511
615530
832943
528869
682717
473559
1220015
317310
2698437
404869
370084
1753656
1409732
632052
654599
939882
141589
415512
1813557
2297805
183372
749148
282557
150651
413826
147646
658690
425673
169809
1462770
1534570
2221771
694634
858423
498470
937961
1819855
2157031
527122
639027
1615935
4157538
2018436
914716
1185619
910473
694502
1616156
368395
833485
1808223
1553150
2003760
1590672
2093218
731916
466410
321965
352509
481228
302420
