2133585
2524703
2204827
1118419
745664
2501068
846674
2674986
914028
2311563
3662385
3215997
4084247
3586146
581379
617840
729140
602627
2550965
714056
5457451
3506386
1672015
492097
2688497
443622
1916390
857994
974360
3572286
1364137
6950254
696360
1558142
682258
780823
6819695
6414238
1730468
1892169
618043
892208
758486
690588
3939113
441353
1587929
2496408
616596
433630
541969
3688243
612058
1206653
1495317
571159
875513
1833164
1381637
1009860
1335140
2285704
1226163
515142
2414907
2891409
725778
582501
1305780
837629
2235557
3846591
570562
3601383
3227391
573945
4773607
12107576
721018
1773030
1684638
3216487
606641
1280098
880879
767033
1465703
857679
576184
6491217
1772973
920654
522254
505789
737976
1147894
609105
584890
2462231
2903987
1181023
3844784
2472016
1381368
7690344
601828
611130
1972265
2327490
1735252
442043
1849064
2405309
977109
1736154
3529883
674702
1830286
3272359
886826
492835
602663
575760
2142648
2693119
818270
2395331
4790179
5773810
1605353
1663801
1352579
2071803
2389581
1734632
2161569
1602266
1121775
534529
1945974
4711273
3904536
1530539
917474
3085161
892539
1149685
3151546
4652579
583034
5187605
527752
3636785
6568480
1684311
2567923
368655
598123
4796471
3134577
1535861
726284
1356560
704419
493051
1096160
753484
2900269
3455751
4306903
1096948
3005400
1782187
1201139
1618625
1196791
5782690
1604177
1272364
2140050
581835
415741
562855
2152726
2393588
709002
1133189
2368435
1327624
596441
654950
2216508
7075429
2979157
955394
6024479
602223
656556
2708619
795203
1310991
515574
2690727
816586
1924694
1827453
5859717
3526275
4790972
946632
2022353
3788423
1820066
3152991
1283841
2076302
3580554
1196218
566135
542631
4409653
4594929
2451591
1974193
895718
1976029
113992270
2255514
672596
689782
1736286
788652
883822
3336720
870747
2670429
915739
1660240
852107
652990
2269494
3609626
579330
3860952
2483670
2024665
791520
2813827
550955
3395645
3863089
1450250
2228291
3313131
2833174
1787573
1404208
1251544
2897088
1236524
4060177
3483337
599510
786044
855836
2407830
1212973
597794
5427449
2902037
1503888
1578902
584585
962950
592304
988903
1020276
2539398
749180
1560302
1889347
506692
545030
2940250
2654905
6234638
771633
1171597
2655131
2601106
3820741
2441257
773401
725851
2245111
1421089
3572588
839115
813224
4503391
619265
1392503
2118463
1531512
3245379
4006410
1177966
550876
526025
3564120
695492
1723210
3349284
1479505
941123
2004635
386098
3463280
4129865
1354025
3086518
3144979
1387352
1219043
821803
2501104
681953
567415
2028421
10491792
3843918
3800288
597012
1715950
579739
7405963
1235535
647775
993565
2761559
1829867
879791
509222
700978
411584
2354899
2971270
3678374
3817734
763523
3773087
2985260
544540
1248037
612355
973026
5487128
1088582
2544154
603148
872832
7926635
583847
3894602
2251913
699928
624748
2633859
606108
590059
788414
1065925
1535742
629161
491724
1665355
1719298
1729514
594433
897124
631353
2461832
7124737
2349435
590101
1415928
1851380
612503
3219040
2806667
3677470
902584
549091
392492
7985494
456793
2829057
1140371
1741758
3344057
821623
600233
753205
2448331
617655
709072
559443
641438
1166770
7785774
583331
594077
646273
2767082
1771016
2479831
2813556
7640665
480212
3204865
3023439
4147227
1039933
4180559
640488
595669
1281664
6312012
1789269
3778991
1504343
1508562
1129666
1017441
1295113
5979861
1145107
2496384
2608976
715002
1026152
854733
854136
3655433
1298133
5475899
3811218
2597947
868806
611898
586034
2651746
567919
1689301
1600601
1906819
631072
1187275
3080011
3920316
2716595
2465306
578228
973844
672251
660295
767314
697256
881702
7580396
582608
797805
573627
572020
1324461
714034
5952064
1655913
2658666
1311800
2108165
587994
1656495
2363531
950449
4565234
1951939
3058928
1180974
2136900
3121992
2711717
539234
553790
1673325
1990353
1705004
1002682
3643317
1075719
573201
4625069
576043
3537614
4195881
696192
2845993
4528259
554041
745090
5435850
2366061
1627730
787458
485809
2486706
4851433
613687
1923372
2534366
569208
6656343
727894
1324937
612338
605282
1326253
1554694
610810
2007251
495119
1721103
634082
592106
776318
1987031
820881
4414346
578420
486381
667265
2088825
2838020
580124
2210369
1237003
558698
2695088
1665644
3385571
1670183
636515
1985836
716324
433046
610740
2031852
6054000
784608
606087
3507977
2409171
2315082
1188003
528726
572546
585549
1213144
3966492
712199
1190823
1124438
1905830
507732
1008315
2367014
636805
2182922
2808191
518041
828907
1234967
3089532
638773
648138
4102859
501012
931569
538907
594928
4032635
691950
1662637
651208
935567
1914509
3727683
3067364
1166046
5427460
7247131
3285496
562577
1256624
2565535
5390166
2579298
1072818
2556898
1285631
3005260
512051
3206316
930715
6923055
945424
1220336
3321511
2313511
4748620
591118
599209
457863
2134373
584565
513809
3831313
753950
611839
3384438
3044749
1504045
536961
383865
718879
807314
844502
2451286
1507982
1772322
589340
3258155
5347805
1226602
1496328
8409371
579524
3380875
3680929
2375963
2962830
2781473
2268865
632206
2038040
1150616
1345496
501936
3061275
2988551
2374083
1314460
4174438
1402174
5537913
689016
7276257
773733
976709
1357565
597514
1158243
1876246
9607371
1716367
978883
4843965
568616
3356376
3593070
3592309
575071
575431
922572
2650692
1021812
950415
572602
1608552
3212602
642909
702344
4273215
612435
5666112
3614691
3387022
1927755
4959344
1052801
5656069
866023
2002432
713924
2888481
2371918
2668855
612085
2122130
1051225
827577
1166196
562314
3862527
846642
4116645
2875902
1725455
744236
827504
966039
2636991
689901
3775103
2474979
1124458
503831
524827
1692271
1638980
2767292
1542186
612322
3633741
725271
814024
574031
2526539
462815
704478
382094
581915
831350
517890
1062942
3681066
2888581
1777597
2907895
623098
604405
1263006
971875
434160
685009
796199
2992903
637407
1994637
2087497
2415744
3776445
2486035
3487928
4083323
2698296
4293255
8790583
3400929
538582
2793456
2027461
2935121
2934191
2950169
466545
755528
660990
578137
2804528
5134701
559562
3491356
2280006
1743302
4112322
2752145
4323647
2101774
508729
571731
2367723
651737
1329824
557661
537304
1625717
5768015
632240
1115444
1536404
2180597
2193488
9399561
524955
2323879
755000
571897
858987
8922312
758255
2470419
1848585
592192
701410
3510650
717464
1139941
2527433
984358
2987086
1178820
622231
1793822
3500076
3766786
1675229
1192910
551366
1247751
4697119
5890822
2634792
2810399
1998995
5238910
11860810
4508919
415564
2581945
909498
719271
1469366
1673767
1756892
661937
4076286
2869497
2368669
1498136
511638
2677277
1045173
655616
2839937
3608601
1613222
1026807
3216975
1310020
1160001
2829895
668785
1783208
2379111
3166312
593161
7046606
2412191
1298661
469951
957825
1009045
612816
2327485
879616
814392
702604
3633114
740988
484078
575617
2125444
548357
3611763
504760
1203842
572675
2607929
4785544
2507875
628054
748433
691818
3744327
980143
1613764
4757219
619899
691728
1888788
1516676
1519570
592709
1976877
2083345
3368884
1034463
2196484
511962
3774961
918406
3131027
1294151
569408
637622
558617
6355592
3844288
565245
659044
460746
2330590
2464117
3086770
1595329
778368
941294
1176615
3693759
2818086
983805
1135015
983329
846517
3732681
2362091
3208647
1598777
1283280
6757174
550701
4433267
5701702
810144
3212697
717565
1581777
1930432
1143587
592675
678436
1378730
3147152
6396316
911199
1188988
809360
4336160
859079
489211
1555643
449897
6044234
708431
2348136
924017
583063
3865933
3695760
2962464
1407409
907487
965252
685976
2511631
1097877
6026898
544699
785165
4124370
642046
1773213
2556195
491806
872512
4043640
415571
2132578
4140507
4246066
1682364
525106
8337310
999924
575343
574054
946348
2163092
2220885
2779588
698327
672597
5907134
2754971
447256
2782984
1318186
880374
4083346
1958159
5882211
2071786
961425
1097153
695698
498147
1055558
1216408
4414586
911219
2739869
592214
3001641
546497
3718616
5527717
4326668
3291390
4056754
5697423
2052353
585552
4465351
3573882
581499
5894007
985651
426980
567027
1811945
2686316
2122280
2849147
780957
2918246
2374653
1109911
1879928
2850654
28947691
1123023
476310
1028869
589538
3668228
460585
1414668
3330164
3840557
586374
2785791
851912
2821740
10893699
3377751
2973742
5269020
732968
2612767
685765
570872
742790
943313
996725
607322
1857811
2714710
1014069
610069
8008350
4212954
574426
457195
1073181
574256
378793
3105422
605918
4318615
565697
2667505
559835
691338
3040597
4521489
1772368
3357301
727313
2179645
7247107
3420347
572332
1872231
1368307
619579
2800411
3019347
663670
1186511
2444931
1999712
2684968
2624190
8109562
634133
664024
1656989
1506304
3554846
569840
4566072
595187
1170774
3210213
3100811
1969187
807544
628999
706561
4424134
3657709
4182155
944373
2107420
552054
4345947
3145876
3557539
377712
697999
3881272
2596841
1632505
1122391
584768
3457426
1417061
857788
605721
1251878
372902
3980918
5076223
1334405
421713
650383
3441064
510440
494152
2598145
779732
1349375
935155
668561
2050411
2500613
508988
617288
4424443
2151819
1322637
432763
2094373
1377893
5089250
757633
2300689
2203979
3636109
569692
850931
2779025
7482914
595754
978590
2319301
2584626
3302355
4270781
3439621
1995808
828465
4920771
2179264
2199667
789805
3947065
2797435
708374
2753419
906557
606657
2073081
9128464
1745139
2252335
660134
2231990
433024
1920861
3836311
619187
554946
716889
3024259
2511474
2719568
2337808
3738852
1938711
606746
1584429
3236926
1833133
617239
878945
662630
2173110
950686
2939120
1978171
3998953
817639
8480587
562361
562681
1624212
6448461
1771280
2884897
549725
4452374
1661875
796196
3381044
2670314
696095
835465
847336
687578
827296
838570
3765516
4589669
650172
674705
2251250
566965
555207
1057081
1057085
1071145
1836093
1054522
2380866
4536612
462794
856984
2002373
2197723
2188285
1020950
547683
612930
2279902
2249080
1810654
648683
1156845
4840297
5527602
1241818
877126
5861386
4177274
1421158
1121045
676591
465749
3440706
601522
1809556
952362
5702584
1247534
614248
4385147
2065007
551583
4449474
574539
7207454
1185396
2328215
903517
3142298
1256027
3724888
669704
683911
1702282
1908455
2113045
3112157
5349100
2336494
463644
973628
3115413
441799
2055702
1480139
2072452
3150245
3542135
691798
4364500
3651763
3499541
3621217
1215942
686157
586326
576903
5839258
956563
693219
700700
676096
2784037
3697810
856858
2092216
2102672
753385
809323
760435
3069378
2647742
2385864
2428060
861906
3169662
3065708
2464085
809591
728901
6634180
1074540
2979991
6493153
526417
447457
4112387
532146
2774475
6530894
2927769
2998360
959418
1858579
684033
765204
899719
581112
2809033
1890172
4336772
1099659
3445118
788975
874125
560808
5662489
1194703
694843
2177325
566958
512896
1474526
6133227
405331
871068
2640775
2055297
622493
3447574
604479
1023882
2954383
2641387
1059702
2507814
550367
579477
1705834
444034
1100429
608847
4370479
1033745
4775004
872822
3151142
1383952
3116597
5393769
852417
1255017
2950178
765150
1777992
437385
2721357
3380994
639060
406195
735188
650318
712762
803189
6084535
765578
604428
517219
1820059
768445
706234
2162723
3755925
1060840
2334348
2250750
1428772
557835
2879262
579475
6052028
1071593
3584576
704038
545377
581880
1905143
457545
4485492
2916875
1974250
1142601
1969051
2144104
5386087
1059660
5304008
579863
950078
2825646
5380785
991853
707743
1742536
2383554
2743460
496926
605764
4127929
2980493
1156661
1196993
6995649
781549
13561141
3973492
580787
2133416
1257198
1883019
1039284
1993666
840203
432545
2347746
3558499
2283153
907631
1923358
3657568
626126
831202
1783510
2212232
7418835
469400
583405
1100506
2095314
8959350
2187698
638397
2814407
3322674
4060390
931860
1251965
548218
2127603
1909357
3481181
810708
1365082
723460
3485113
4769240
482414
622588
1758738
3487803
585603
2797202
2772420
2867838
1476073
2169564
772292
707847
3224457
1826044
2847220
864327
448361
734444
1958824
521835
5494290
2379669
2157870
593602
457807
2891544
1760625
3106034
606053
593427
2067513
488056
3628236
694160
873778
828849
564963
498876
588792
618329
517075
2676456
8704645
3503805
591791
1326093
2245008
561867
569504
6031656
5945063
5632605
7647743
2657066
2569551
850541
590695
3201856
1397270
1917488
2154738
2545118
821780
2321388
1904228
1340617
3261731
687637
658530
3674827
6126538
457182
2575877
862859
580630
3735162
1022153
1911777
1908583
2771625
1044112
2322992
412178
1547755
3206507
1782625
910758
1606482
1008747
603696
5631301
612554
633697
622044
567890
2373136
2807884
1817071
2869625
4181037
693392
1009299
604288
7080108
5248896
7135955
896875
587399
1021600
2132617
665408
2504800
547567
877768
630258
1542974
4662031
775754
5041027
4445773
719406
4724826
2702182
504411
3834276
690659
558724
1245649
2485536
522484
1338700
1238156
1835901
2119499
2827927
772527
2240288
641555
3628683
2734352
3135820
5070265
4699515
529703
3716325
1928065
2637466
3611630
7307918
8264110
2537627
569116
802870
2190913
581435
2941699
1740605
587524
14060365
3075133
867862
902305
394267
5291391
2883593
952400
1398919
460222
550146
615677
618681
414057
3308925
481486
3298450
2156776
759383
900072
568877
1213825
612510
952812
913759
2662923
569793
1468220
822746
2724194
1285495
3001113
1272048
1719638
2384385
605511
579460
497240
3452015
2330177
470386
6895208
761239
422603
3150874
2088202
2654205
743700
2300099
565599
4969281
2007267
2192749
1238829
3299678
713197
1853986
902412
568936
7805684
3336016
11021388
4293939
1208225
2131981
1154620
3000146
5344198
713113
2051184
3743491
2447019
637540
1688161
13331485
1376385
1074967
1772548
940899
997755
1524351
883135
670295
538874
3345555
5377246
644244
4884374
2258249
1834266
570331
1894943
1955139
1916444
3047706
2433210
3729966
763860
597739
1884561
828823
3378665
2320466
578445
7021790
1000375
577600
699780
862628
4131885
594972
705732
3282740
2981867
627397
1436673
2000529
2348965
2695030
2821075
1529918
6723036
478513
3705340
2345055
607227
620331
2330948
3141798
1307932
977455
7634237
922637
669663
4318650
1143761
3308420
1532139
746297
617635
883906
5096017
3616142
3973098
2384371
703581
5088697
888527
1087208
1277275
627459
4328956
952745
4406726
3291889
431761
837794
1057762
1024722
4953121
562297
608667
1509446
1024554
557648
2243096
556503
474650
1304146
803413
1299738
2100992
2025248
703531
3459544
565089
522578
2880607
611954
537755
544482
816547
856143
3779630
719005
611845
820455
728245
655837
2700265
515210
2755852
820573
2915376
639414
2924156
448368
905145
2631846
436407
3458672
1391998
829489
1174463
583553
1906272
1217374
953391
2737644
678130
930421
640739
3132864
1275917
701570
547949
564661
605072
649550
907139
1709260
435231
1974487
1228921
3483795
3818085
1940002
481323
1095101
726332
3266320
1180984
2114072
2459520
859287
579020
2208431
2012800
3065575
3934422
888269
1617115
789819
548167
1372907
5411425
4740274
5094978
2625215
573505
1977091
780414
837345
506268
1904118
616573
647884
2832693
650853
451886
8818147
842898
613035
470747
1763811
1944023
539757
2407560
700000
892998
6763803
4152864
810197
712396
3058961
953306
4165583
4423051
1847070
2007932
1408182
756530
2569997
1831973
488452
590435
578432
3187065
620272
1911433
4515761
2919093
576765
654012
2078396
512074
2175892
575289
1952612
2500692
579839
2055216
1911054
1370736
5839844
757381
2496704
839194
920984
5071109
658671
923656
2541055
4295324
3339023
2349355
3378431
591540
584732
459611
529387
3408831
2943080
949802
1190540
2624468
875408
1827647
1054859
594359
663796
3346850
2516131
8074389
584302
614254
1444102
418689
495525
2019653
888691
1064949
1551845
544706
638873
3789687
1409213
771147
6984065
2262444
724392
4037415
1051157
5571113
2799010
5719757
1125260
2385190
2741255
1150770
912865
2271993
2151641
456702
569077
6651925
586729
940065
3226654
2545561
2154751
3628486
2941045
3428161
1589387
2778904
608677
2966105
2564538
547233
484038
4270725
1894459
534579
567839
2423250
1268368
3173362
483810
1450802
4828193
746310
3184225
1261305
762530
3203499
1179021
2956166
843912
539876
1777663
1600935
1939217
3577605
2622638
3378097
10655853
2256385
631577
560535
8135682
1813883
595435
4061117
5667555
5126839
605347
7252315
855578
608951
575585
786797
1017395
1730120
1337572
2800744
1489602
2010066
532380
