147957286
609265798
216849972
841891059
3808794398
3688461706
1725647337
4456935224
7054701162
1386944528
536046643
2030788127
755249732
9369002454
2174372305
187184864
1121719573
4200299158
3333304051
7329388874
2284119028
4947206551
3294504991
870217592
14671481369
3874874916
6820540137
4484249658
641430170
3867950555
1574749890
2610063423
2904224616
3300441177
1794317880
5712840434
8326385811
5874577404
6170129607
9214734977
1008138577
1029114651
3785165424
763589311
2316930879
306005228
4419940040
1341070569
6221172177
4066013849
4839613660
825351313
9377340794
576445128
4021208253
6725825922
2383107814
1242050105
6805060976
464906547
9300790534
14663126490
4725123562
6525989741
4866260308
757490806
3862726218
5357544947
6522174664
1204041225
2847276331
2269600431
1688363581
3483454101
2114746438
7024622660
6000854650
1727194647
365063944
5254038070
5032665685
1785665257
9263237018
768585290
3654244111
838249199
7648868991
671403204
1220402350
4336187798
2524426390
889851799
2605947854
266676650
5579481741
2289429812
5466779326
246518052
2696335365
265762937
2166486387
3218143993
1318607955
1035461301
2455241399
549203352
6253535400
1796560705
2789231112
2866241485
1031413633
301561606
1932150856
2235662606
1893360662
2031572263
1954461846
258211318
1401675348
553262364
4072532085
3162951501
1908144182
1262139929
3309514233
1926717890
7793327911
7248003796
2945587693
3873238184
1335524192
323191730
4510818037
539145084
1285120236
5183018069
1239155501
2728746909
276403486
947339399
2132368495
2252645221
2058770481
1863336940
3882230930
3843779227
8282455328
5073253897
2939489322
3585583321
4275942081
2978753448
10428144765
9857550981
1763154938
298307235
302743760
517295089
193053180
4417534910
1107521766
2457725481
701327545
1530159770
1291675049
500541447
181326915
642389053
1034775246
2270984409
201235405
1886833468
1455021959
1739581279
2832830345
827555531
3373589453
5300512711
9598151522
3334379478
3774623281
4241709613
654874890
3080350562
2118860080
5583841656
167340061
401475677
1099220432
182711752
5755550233
168791158
219720986
4960688070
673192380
5538441190
858979667
1104152825
2852948415
656209016
842427750
764739682
1748929768
1018031068
4354843295
3388613159
697956947
943758889
220559957
5809819688
898417517
3705675942
2997537575
6007228275
1526251642
2029282291
749191151
707335995
362276788
373224337
5731446108
247263896
768895259
7202365562
4249386818
6264295773
490517008
1879383428
225593342
2559804276
573163932
3148686217
8013384945
1926872126
705409102
1804336421
823316052
697185772
12460112088
2893197936
5078842020
1856926349
2449249716
4152903937
748659318
16905187699
1739786670
795896220
1388151528
5140882406
1328204676
5188973717
4334423525
7051060605
801259066
2873741036
651537689
3542005365
7543246222
1392908789
449862904
3649139327
1526710294
625828959
3019278706
542311868
264863978
2710058664
424070727
913676531
3297431547
1136980495
7163004282
1053674900
55873960
3556166604
2321012896
10299066901
969033979
562750790
2329062011
719091275
223715724
5752161248
348809460
29318047946
283870301
3090834970
6528549663
6577360978
10459616059
6218526015
4421793532
1585454092
3576520052
1324125371
3535082632
9817747656
11371593116
775271293
4060664535
3228404196
1465537037
8281616745
9869235561
4479815058
240697363
177040133
12618906224
1666177887
859777029
2054558138
3701865482
1016903480
695603765
1283804361
2483037565
9642726921
4815991946
3918532552
3361295611
1532994649
8022932608
3876201318
1342535201
1682110182
10034235306
2873663512
8224449892
1953966192
1405315856
468148337
5948855675
364501080
10904505467
2566211745
154209049
611450976
217319613
841781699
3808714818
3688104109
1780853399
4401931358
7053768540
1387746753
536291237
2032013612
753866921
9369771962
2259911682
100366152
1122528275
4200272575
3332644470
7330419473
2283528919
4947416645
3294404213
869529574
14671937617
3875064147
6821108328
4483621955
714292139
3795221201
1574832537
2529105284
2985239219
3300296396
1794387535
5712753008
8326973250
5874574402
6170056199
9214863019
1007886702
1028571278
3786350721
762970169
2317004241
306057813
4419935838
1340971827
6221275101
4066910448
4839087652
825174503
9376962961
576461572
4022492743
6724575031
2383157986
1242018104
6805069563
464891760
9300890405
14663442830
4724774307
6526044036
4865192520
758523010
3863054660
5357524972
6521909572
1202873800
2848561543
2269686758
1687576104
3484170753
2115799512
7023535088
6000614182
1728723303
363743503
5342814873
4944030049
1785645903
9264473789
768621582
3654125621
837803015
7649392162
671382500
1220358860
4336412183
2524914190
889322444
2605847600
266755917
5579471647
2289409464
5467339982
245991484
2696550344
265789276
2166223349
3217345597
1319491660
1034399134
2456203579
549183528
6253465189
1796695689
2789124145
2866262565
1031415541
301514642
1932655130
2235916108
1892732702
2031522158
1954645065
257028824
1402698903
552628148
4073141594
3246698003
1824599988
1262111002
3309495274
1926001678
7793398621
7248518122
2945109288
3873757711
1335508069
323191302
4510911733
539154824
1285141816
5183584371
1238524953
2728755176
275615634
948165734
2132466502
2252718357
2058643861
1863472959
3882741470
3843141874
8282565479
5073783322
2939076030
3585664865
4276064916
2977995212
10428621282
9856686235
1764119217
298217178
302791319
516766531
193573938
4417487973
1107492642
2457157382
701726890
1530042393
1291778116
500624270
180856747
562951158
1114613733
2271011953
201331193
1887172755
1454683929
1739467497
2834044749
826406370
3371249806
5302765663
9598311397
3334138355
3775607421
4240877028
654917410
3078165386
2121819932
5498393664
252358243
400366416
1100144890
182530467
5755518313
169012780
219631180
4959964308
673878065
5537694173
861945605
1100847350
2854116284
656208422
842262587
763488144
1751089903
1017158974
4354391298
3389477840
697658834
943528509
219588045
5810969322
898231650
3704927003
2995208684
6008315344
1440135100
2114877205
749009007
707508489
362120031
373266428
5675652178
221746162
850188476
7202510891
4249459267
6264200004
490569497
1878724308
226251800
2560273895
572751189
3148583903
8013094013
1927712206
705016335
1803243548
824499022
697385936
12459756348
2893194025
5078192707
1857638761
2449247742
4152888128
748650914
16904653018
1740318441
796176726
1387854542
5140866182
1247657519
5269554696
4334442978
7101765502
750589715
2873542366
651714396
3541138968
7543883391
1392447691
450319690
3649321763
1526759575
625686296
2928108880
632706543
265772590
2710229350
423309106
915046786
3296681134
1136997109
7163081340
906826390
3759024975
2321223540
10298824413
969202893
561789707
2329777414
718983303
357696527
5618277077
348744651
29318083726
283900931
3090851258
6528576317
6577236174
10459150369
6219097392
4421706665
1586049468
3575363956
1324571648
3536135252
9813918712
11372117176
774781668
4061212696
3228414337
1465450986
8281270318
9869799998
4479694795
240784954
176914727
12618821149
1666211331
859481297
2127543923
3628457593
1017648197
695636103
1283804364
2483069770
9642127528
4817077641
3917975283
3361866332
1532588338
8022342887
3876755756
1342447278
1681387807
10035080643
2873645244
8224465466
1953893120
1406576081
466971827
5948217556
365184158
10904505271
2565599204
158207418
604992995
276805108
780631768
3810188929
3688681041
1725310098
4457070580
7053796452
1387731766
536929409
2030317838
754881892
9368850962
2174630089
186478180
1122448526
4200262261
3332532826
7329910756
2284403989
4947034412
3294547037
869403659
14672087930
3873401909
6821384448
4483792592
641716738
3867627882
1574794771
2529420999
2985234093
3299899490
1794349079
5712749482
8326946797
6011674846
6032999168
9214890668
1007797210
1028553233
3785935442
763657630
2318749922
304230636
4419936507
1341070815
6221287153
4065902189
4839486062
825750258
9377119036
576871186
4020964594
6725675546
2383647748
1241528817
6805087248
464912835
9300848212
14662919888
4725218007
6526087242
4865212163
758529681
3864261288
5488714687
6389479086
1203324577
2848200498
2269594520
1687633130
3484097305
2114761497
7024556351
6000877895
1727387564
364904857
5254185742
5033326287
1785014284
9264232126
769374801
3653612121
837758468
7648933037
671929550
1220362660
4336347249
2523837188
890443068
2606135423
266251530
5579321407
2289673959
5466767994
246573712
2696458459
265671849
2166503135
3217319512
1319537413
1034687032
2455873340
549151973
6253560525
1796658998
2789256867
2866125655
1031404473
301595939
1932091799
2235749324
1893487613
2031541899
1954630287
257074793
1402680248
552647024
4073006228
3246723954
1824787774
1262037136
3309068969
1927003320
7792826591
7248444291
2945108878
3873796844
1335491820
323314319
4511200319
538737641
1285198494
5182854005
1239236842
2728809944
275468525
948218552
2132639675
2252723703
2057758460
1863442098
3882120441
3843723127
8282624414
5073221980
2939807645
3585509606
4275847978
2978177176
10428586009
9856613863
1764182507
298179183
302780189
516730277
193641902
4417398323
1107516168
2457161396
701874745
1530257187
1291529671
500713517
180767838
563063639
1114552649
2271002548
201429132
1887055854
1454659933
1739575721
2832665755
828055984
3373390116
5300292727
9598914050
3334212156
3774163499
4241836659
654904977
3078252405
2121644729
5498538466
252649713
399980426
1100354830
182443004
5755511610
168716044
220566726
4959213631
673962163
5537696634
859875546
1102945291
2854042964
656250581
842385636
763457072
1750221549
1018101824
4354360804
3389105182
698080444
943632848
219521990
5810939383
898239182
3704920042
2995314539
6010443671
1439978049
2115611520
749108617
707443171
362234519
373170842
5676160528
221181795
850300461
7202270348
4249477719
6264303504
490686162
1878530953
226079142
2559872801
573272569
3148583492
8013429118
1926934480
705509353
1803244238
824451382
697390850
12459922228
2893075615
5078402177
1857424749
2449286891
4152880641
748747743
16904650104
1740306244
796238383
1387881169
5140912574
1248308570
5268890018
4334272221
7051127264
801120600
2874279460
651379761
3541175395
7543936724
1392439876
450371972
3649192014
1526876283
625654973
2928101504
633818893
264585909
2710281948
423371721
914181598
3297569166
1136978848
7163113749
906705294
3759126017
2321284013
10298591131
970433917
560874003
2329487065
719567313
223345983
5752292334
348814795
29318339529
283634599
3090945334
6528489462
6577304791
10459073845
6219216789
4421615530
1587680525
3573906615
1405759835
3453934042
9953111390
11236328728
774622031
4132538162
3156765364
1465875271
8281182329
9869770804
4479825200
240233687
177513133
12618951867
1666129804
860587219
2053905743
3701133375
1017597474
695747974
1283934388
2482827352
9642194495
4816549645
3918420640
3361392031
1532917293
8022924615
3876392213
1342501388
1681289124
10035165884
2873906091
8224213724
1953895728
1405241869
468717721
5947819938
365063401
10904473982
2565818056
148213188
606004115
218479198
838660193
3811037226
3687684161
1725377950
4457050564
7053820898
1387483889
536344369
2031042029
754846562
9368860353
2175322945
185816183
1122545906
4200279045
3333174520
7329380414
2284242036
4947030634
3294547358
869535725
14672087849
3874892453
6820597697
4484219698
641708304
3867720964
1574875465
2529466230
2985582879
3299520116
1793946872
5713782613
8326047335
5875521936
6169406908
9214836150
1008648463
1028431778
3785413713
763400990
2318963447
304181567
4420028633
1341278045
6220918672
4065911474
4839583899
825727626
9377042149
576477431
4021436712
6725690935
2383185227
1242035953
6805009378
464924307
9300578978
14741213970
4647350374
6525955811
4865171147
758501937
3863219919
5355949259
6523353610
1203035220
2848393226
2269693655
1687683883
3483986131
2114760322
7024652034
6000849452
1727428166
364650642
5256105060
5030819260
1785803450
9264395389
768588029
3654300020
837728175
7648831507
671709089
1221146575
4335813999
2524203833
890366226
2605889065
266506693
5579272100
2371576200
5385009997
246140226
2696537909
267072142
2164822340
3217404443
1319698556
1033963124
2456900477
548696462
6253530247
1796691036
2789263472
2866172476
1030946856
379961633
1854001593
2235737583
1893469643
2031485733
1954719252
257059727
1402610993
552650361
4073096251
3162417272
2051623890
1119437603
3309314267
1926117744
7793527832
7248485954
2945046001
3954995601
1254268811
323375480
4510460280
622621836
1201538818
5183845630
1238057211
2729262763
275081980
949263265
2131921385
2252674051
2057863707
1863354880
3882154296
3843712923
8282605555
5073144350
3018607316
3506832257
4275955801
2978107323
10428599004
9856659392
1764194376
298027872
302863330
516783686
193312474
4418233853
1106811805
2457817235
701389646
1530258982
1291584017
500767086
180648116
562718592
1115573660
2270315738
201385383
1886701605
1455239368
1739378949
2832946657
827388696
3371398752
5302645161
9598321865
3334050234
3774703356
4242156262
654597785
3078221129
2122270823
5498067951
252262192
400100007
1100071486
182456894
5755468890
168837282
220860008
4958875400
673873002
5537692065
861962960
1100962061
2854032981
656210864
842352172
763459293
1750446208
1017870283
4354422199
3389091957
698084821
944039650
218963840
5810665185
899486893
3703798311
2998737199
6007168123
1440068990
2115642124
749056797
707465520
362206045
373317873
5675403462
222551629
849587141
7202364490
4249433181
6264202206
490694523
1878619123
226123696
2559607279
575043414
3146869671
8013474533
1926703977
708136352
1800794069
824393550
697511110
12459499481
2893241197
5078376285
1857378765
2449314502
4152675138
749140956
16904457132
1740241191
796334973
1387825489
5140895101
1247631353
5269549693
4334435339
7051035126
801313910
2874031956
651435469
3541098433
7543911507
1392441531
450494137
3649161992
1526818758
625802019
2928036915
632173983
346923078
2629442262
423313244
914259273
3297746474
1136737200
7163167822
907179786
3758670752
2321492495
10298630764
969339855
561654547
2329614700
719209657
223604475
5752246246
349161033
29317718868
284000933
3090859532
6528608621
6577212377
10459117890
6219089529
4421740090
1586113085
3575485605
1324284927
3535640645
9816915951
11372338778
774685000
4061159390
3228377427
1465599315
8281207380
9869780293
4480123088
239869274
177496608
12618966646
1666115317
860064042
2054412183
3701184969
1017272859
696660438
1283348374
2482901636
9642197381
4816330866
3995722194
3284257825
1532974057
8022406160
3876368348
1343000105
1681197317
10035170755
2873492116
8224325648
1954116447
1405550553
467845203
5948379456
365056788
10906443998
2563820821
150973359
604041197
216868571
840580562
3810078250
3689042280
1724883565
4457092459
7053985150
1387531620
537079187
2030258374
754763166
9368918957
2174490641
186574556
1122578757
4200302656
3332506400
7330000517
2284332345
4947034550
3294952399
869069542
14672143161
3874852617
6820658871
4484374739
641763956
3867386068
1574785881
2529546315
2985770939
3299263047
1794321336
5712738684
8326896339
5874602792
6170131856
9214906246
1008091737
1028310587
3785919086
763539373
2317040187
306007609
4420036620
1340919264
6221410267
4067055362
4838236629
825920586
9376683091
577088098
4021224776
6725546476
2383113503
1243506178
6803453799
464927259
9300826534
14663006541
4724688720
6527422833
4864371035
758443614
3864344672
5354895424
6523386511
1203409295
2847714805
2270774193
1686926109
3484293228
2114190312
7025579383
6000242482
1727547277
364563513
5253470735
5034200511
1785003530
9351305764
681574649
3654310883
837717342
7648789547
672018235
1220333492
4336428833
2523766202
890074880
2606736452
267026811
5578554969
2289383531
5466859373
246600495
2696050862
348799340
2083576811
3217516272
1319580714
1037253417
2453128083
548861107
6254038742
1796180064
2790684838
2865123099
1031983368
300777610
1932037442
2236648590
1892347435
2032239256
1954255365
257294938
1402283542
552919392
4072977250
3162819091
1908624121
1262076164
3309327436
1925783674
7794301345
7247975446
2945122405
3874395737
1334872730
323352339
4510649848
539254258
1285138179
5182957880
1239891705
2728180939
275397911
948203026
2132228055
2253850566
2057939201
1863334896
3882219897
3843444577
8283281908
5072788922
2939716000
3585545559
4275978052
2978178586
10428523932
9856689150
1763855837
298947474
301922166
517592948
193415123
4417208152
1107492136
2457239285
701590676
1531060529
1290910598
500725934
180737418
563078748
1114502538
2271017662
201475078
1886695608
1455255462
1739355494
2832891188
827487464
3371134269
5302648432
9598392138
3334160989
3774689464
4241770911
654962823
3078282522
2122088948
5498133176
252347445
400503009
1100838402
181860582
5755310696
168977060
219773787
4959831137
673962194
5537693466
859940973
1103025147
2853970364
656210189
842357271
763482615
1750016634
1018934973
4353669105
3389100314
698113068
943518286
219512798
5810986684
898275473
3704909860
2995294521
6010427751
1440090119
2115600193
749263537
707274190
362283350
372770693
5731602454
166130384
849919891
7202803313
4248963244
6264794850
491067205
1878119559
226039557
2559747152
573410702
3148162256
8014557045
2007686440
624035640
1803178054
824137646
774022063
12383386256
2893632072
5078110349
1857316061
2449318203
4152866140
748694068
16904717605
1740134462
879514855
1304756768
5141349830
1246985924
5270423169
4333690893
7051086514
801612898
2873161087
651776174
3541159565
7543961972
1392402037
450401513
3649153153
1526942329
625759841
2928213135
632302239
265903568
2710253761
423384492
914182933
3297456902
1137097763
7163156704
906645058
3759211502
2321438720
10298709182
969313255
561407909
2330294266
718764209
223330685
5752946043
348375727
29318074331
284052713
3090509705
6602064838
6504024651
10458746677
6219478756
4421706822
1586515369
3575077738
1325135294
3534805669
9817012162
11372621248
774293890
4061057547
3229111296
1464903782
8280953780
9870484529
4479273749
240799428
177366647
12618210143
1666800315
859714786
2054495734
3701186275
1017482682
695838183
1283875424
2482918169
9641931709
4949791428
3785318998
3361564506
1532953284
8022442563
3876651104
1342702505
1682057086
10034267650
2873344553
8224835361
1953641778
1405736395
468018410
5948310547
364785616
10978494333
2492569258
157143273
607859447
217213904
840274316
3810137025
3688982630
1726267904
4455827238
7053875985
1387546274
536066925
2031501833
755129345
9368352169
2174520029
186589288
1122654410
4200143875
3332573278
7330020357
2283710639
5033218549
3208901883
869547649
14672142469
3874807092
6820595989
4484465904
641748089
3868241602
1573648251
2530052485
2985648232
3300050267
1793713068
5712657285
8326930576
5874591772
6169530964
9283873842
939660274
1028311555
3786368133
763072785
2317043806
305997088
4420126525
1340839615
6221375461
4065921888
4839093500
902370872
9301312419
575700376
4021937293
6725162488
2464167853
1160729366
6806138650
464263178
9300881026
14662959499
4725345027
6525985933
4865191973
759226285
3862405568
5356040610
6523388477
1203299857
2848076375
2269771407
1687703111
3483730985
2115298786
7023893375
6001400544
1727605082
364502045
5256074951
5030716375
1785556630
9416286950
616859350
3654395206
837664692
7648779697
672086841
1220268168
4336435721
2524222556
889957621
2605816958
267005719
5579320009
2289432997
5466854213
246218257
2696804719
265984370
2166511142
3217127615
1319583720
1035462622
2454877607
549179549
6253800686
1796527933
2789418926
2865989685
1031183363
301585391
1932130948
2235584966
1894025695
2030932306
1955851525
256194897
1402474299
552424951
4073732046
3162803070
1908591515
1262036070
3309111176
1925972438
7793600766
7248479819
2945104116
3873712781
1335194345
323280059
4511166069
539169661
1285074912
5182945696
1239151353
2729019311
275337852
948246139
2132643473
2252847225
2057904832
1863308787
3882194642
3843669328
8282614467
5073241165
2940041547
3584916035
4276889711
2977643647
10428588473
9856707599
1764143504
297717370
303950019
515846710
285535342
4325539148
1107551827
2457045390
702035649
1530803539
1290971749
500679988
180727473
563179348
1114455128
2270993151
201462217
1974870407
1367138343
1739232240
2833002011
827938894
3373168396
5300395268
9598362473
3334281258
3774601143
4241770425
654973935
3078301687
2122568451
5497844971
252084635
400610087
1100214372
182464356
5755111504
169198914
220498568
4959172018
673387922
5538753683
859406422
1102844354
2853135878
740067546
759234492
763573883
1750080955
1017966032
4354315345
3389153362
697657742
944077180
219426840
5810919789
898250098
3704897087
2998554745
6007261015
1439891863
2115768204
748815668
707755115
362257328
373306885
5672267027
221862923
850175095
7202439643
4249432001
6263979893
491207357
1878538748
225893653
2559724733
573449179
3148414552
8013525483
1926797603
706662054
1802139877
824777703
697156949
12459750108
2893621674
5078027877
1857280563
2449400774
4152820903
836920815
16816436158
1740294429
796405822
1387334591
5141871213
1247823255
5268816840
4334660697
7050799932
801726188
2873154000
651870351
3540884013
7544249771
1392078884
532950747
3566784620
1527027344
625920609
2927855800
632559523
265610051
2710299374
423354557
914210317
3297421510
1136579139
7164322537
905744759
3760476105
2320361111
10298641705
969523296
561957554
2329216412
719372592
223444720
5752297762
348736979
29317912716
284479587
3090557498
6528231310
6661701695
10375013345
6219124111
4421682140
1586383103
3575188580
1325179917
3534779387
9816746133
11372494343
774627364
4061085344
3228430901
1465406486
8281102954
9870014702
4479837516
240229555
177517359
12618963139
1666087673
860025000
2054488078
3701253565
1017948368
695303107
1284089002
2482738184
9642160097
4816452836
3918460693
3361196347
1611086250
7944411192
3876680098
1342763162
1682033705
10033888876
2874315292
8224200954
1953889692
1405780755
468090872
5947576132
365369344
10904506223
2566367066
141570236
607051360
277450710
781877756
3808755419
3689425591
1724516371
4457066031
7053872976
1390788410
532917609
2031505473
754556913
9368424703
2175112103
186450861
1122080209
4205049736
3328095270
7330066093
2284388011
4947526312
3293933611
869092372
14672921160
3874465414
6820641789
4484609864
640775411
3869037571
1573917356
2529619642
2985998604
3298393828
1795838348
5711704583
8328086039
5873110758
6171129160
9214139737
1007711599
1029291215
3785339535
763645212
2317102131
305944772
4420320444
1340645333
6221410420
4067112921
4838247664
825810702
9376907195
576422581
4020927735
6726313389
2383484610
1241567453
6804879448
464412623
9374622358
14589664203
4725273959
6526060604
4865207853
758493478
3863404983
5355984943
6523245514
1203387186
2848099650
2269688079
1687194806
3484698232
2114508979
7024544583
6001149557
1728162171
363865940
5254251735
5032496782
1785863870
9264346897
768615409
3654310415
837703058
7648856807
671982109
1220459723
4335857860
2739477630
674947637
2605756144
267005428
5579578791
2289177311
5466526957
246963140
2696382548
265883902
2166111754
3217598662
1319832023
1035755023
2454291696
549124280
6253807878
1796464979
2789491876
2866006052
1031254416
301885702
1931826900
2235725381
1893516412
2031477547
1954796904
257125938
1402464872
552766929
4073069202
3163039379
1908628941
1261346347
3310495528
1925316391
7794077809
7248046931
2944980463
3873351833
1335875549
323454793
4510699848
539174815
1285155754
5182962165
1239120252
2728947661
275416414
948208235
2132601361
2252897171
2057293016
1864396504
3882184245
3843185641
8282629049
5073300176
2939910365
3585507098
4276396489
2977311289
10429104229
9856393883
1764200175
298072364
302820069
516785199
193798081
4417238461
1107624113
2457188005
701740661
1531515175
1289884551
501232546
180617786
563242862
1114372776
2270739410
201721677
1886946565
1455146713
1739551132
2834038827
825700444
3370831863
5303760446
9597987040
3334169335
3774646193
4241717744
654985986
3078280830
2122744973
5497427010
251757468
401776851
1099622992
182629068
5755114615
169037388
219741816
4959486191
674876099
5537038507
860456772
1102594439
2853888731
655210975
843146962
763113653
1750167805
1018805149
4353560854
3389147489
698038448
943684758
219562874
5810895322
898225007
3704915680
2995292397
6010468618
1440002838
2115706734
749154849
707389167
362275332
373356223
5675274167
221900262
850377549
7201480047
4249937080
6264263845
491081747
1878149827
226577340
2559315761
573560532
3148316645
8014268330
1926020851
707008843
1801900010
824217242
697937586
12459341023
2893123078
5078585595
1857315421
2449038517
4224198333
677580583
16904798705
1740505341
796293469
1387582519
5140818498
1247620185
5270343344
4333972337
7050797161
801716004
2873156905
652603928
3540378492
7544054612
1392319250
451530202
3647785637
1527687563
625206266
2927388811
634347927
264475876
2710342695
423755373
913804954
3297460439
1137453823
7162749936
906526596
3759613748
2321514369
10298276281
969501976
561572819
2329588542
719450634
223382562
5752233399
348822808
29318003721
284069795
3090837477
6528593671
6577587923
10459161746
6218737927
4421632782
1586827571
3574737619
1324438209
3535537783
9816875660
11372302581
774692181
4061114344
3228431318
1465629159
8281524116
9869056840
4557723904
162509557
177543305
12618948280
1666063866
860182504
2054068311
3701783818
1017221414
695904829
1284047513
2482744199
9642210768
4816436590
3918490890
3361367909
1533537463
8021952584
3876683553
1342931802
1680919557
10035175649
2873473328
8224753926
1953806198
1405775459
467731462
5948383877
365374406
10904108285
2566427337
148819100
607513722
219148125
839548108
3808840947
3689462827
1723989176
4458225716
7052699248
1391254456
532955884
2031614971
754392241
9368885822
2174590976
186602497
1122608774
4200224809
3332506882
7329686445
2284743114
4946833487
3294701013
869494572
14672152374
3874874689
6820611612
4485008682
641474301
3949561395
1492424525
2529539894
2985991571
3298896043
1794558278
5712606252
8326819450
5874585919
6170212623
9214451667
1080686151
956706823
3785378635
763608631
2317189085
305850815
4419604706
1416334823
6146229580
4065934863
4839434184
825892852
9376912030
576425707
4021935261
6725380927
2383064080
1242431582
6804560199
464920695
9300880293
14662949406
4725417862
6526678870
4864404693
758378044
3863420858
5355252185
6524085227
1203883149
2847505832
2269710973
1687632226
3483913951
2114827720
7025376682
6000384247
1727559186
364360616
5254375095
5032485385
1785903355
9264204826
768299600
3654672589
837635543
7648858441
672010007
1220472911
4336225253
2523696906
890557753
2606297872
266595751
5579098247
2289562471
5466761157
246701054
2696348897
266083146
2165930439
3217557900
1320146765
1035920341
2453849338
549168058
6253822175
1889828550
2695464601
2866336308
1031415537
301869455
1931854708
2235713650
1893539551
2031477862
1955747178
256227812
1402462033
552681899
4073018761
3163343111
1908315014
1261786262
3309429531
1925992474
7793532040
7249135280
2944903475
3873326398
1335531730
323396563
4510779781
539244172
1285796143
5182196080
1239107043
2728967275
275402362
948244957
2132647758
2252861613
2057937083
1863244946
3882196860
3843666066
8282620494
5073293406
2938817938
3643362025
4219622784
2977509013
10428590459
9856781083
1764227366
297949057
302891614
516821886
193806802
4417206778
1107542766
2457196498
702032561
1531013774
1290534156
500809866
180286400
564843089
1112693819
4447719592
1367263946
1739139814
2833113178
827352058
3462870976
5211218644
9597905220
3334738599
3774596761
4241692246
654984604
3078371780
2123091611
5497042771
252285932
400640383
1100175169
182660686
5755145440
169039999
219801278
4959850105
673839686
5537719918
860824567
1102259735
2853801214
656211721
842343305
763853624
1750147932
1017685870
4354429431
3388804710
698467259
943634432
219510330
5810334636
899647458
3704059869
2998463126
6007362724
1440015023
2115663167
749260084
707206108
362326303
373286664
5675322067
221882594
850497563
7202036908
4249451164
6264314910
491350583
1877869966
226187641
2560226025
574606220
3147253125
8012969367
1927266313
705743814
1802613947
824268206
697095846
12546844065
2806437402
5078610018
1857277275
2449514324
4152694078
748689213
16904490205
1740766860
795421014
1469259381
5060020220
1247629603
5269315553
4422320993
6963390084
802043747
2872596871
651992911
3541219156
7544126939
1392114891
449750259
3650710959
1526301938
625559226
2928336307
632336080
265598258
2710956773
422850611
914139815
3297392511
1137031342
7163354255
906584716
3759193347
2321570389
10298550287
969397421
561629988
2405831940
642900634
224357423
5751235511
349428729
29317708928
283494721
3091421771
6528534529
6577268704
10459048898
6219267963
4421690910
1586775867
3574750288
1324482464
3535686942
9814414949
11372223372
774652170
4061161707
3228476713
1467088265
8279336585
9869844782
4479773578
240319162
177553175
12618913078
1665848065
860601854
2054939815
3700867903
1017078236
695892477
1283969208
2482823460
9642203862
4816377493
3918444004
3361557793
1532896515
8022535309
3877720425
1341494261
1680780052
10035648340
2873429781
8224700025
1953830346
1587952502
11672148
273902527
5948266363
364938287
10904575058
2566430776
146448145
607765935
216200440
840364276
3810821003
3688819461
1725909015
4455722509
7053879496
1387465918
536210631
2031656861
754385141
9368916693
2174544527
186561012
1122662383
4200262654
3332513546
7329993919
2284433540
4946461719
3295152421
869464515
14672237165
3874739148
6820661412
4484565176
641597081
3867297052
1575019065
2529592540
2984497705
3300480472
1794651103
5712498810
8326894034
5874597363
6170157131
9214792924
1008262719
1028372351
3785839588
763557643
2317265077
305435060
4420407009
1340608803
6221809688
4065780574
4839964608
825466137
9377471702
575747740
4021928034
6725424972
2383045914
1242002020
6805058378
464885845
9300959597
14663212127
4725091498
6526687421
4864421045
758399129
3863680102
5355656656
6523343159
1202407806
2849049733
2270532284
1686805479
3483904729
2114913760
7024496066
6055370760
1673464916
364203984
5254563075
5032280010
1785907479
9264295328
768499502
3654478667
837597422
7648849604
672102888
1219853713
4337863419
2522653706
890456167
2605691125
267259723
5579141467
2289386550
5466872096
246726601
2696343649
266315673
2165251252
3218041484
1319657994
1036558930
2453607410
549182278
6253863890
1796485421
2789602346
2865765357
1031242179
301505893
1932143278
2235779430
1893537335
2031394219
1954780144
257233046
1403276412
551912142
4073351037
3162909988
1908620850
1261561054
3309420849
1926668214
7792783778
7248605529
2945072764
3873667968
1335582153
322782660
4511394186
539181261
1285028263
5182476081
1319961875
2648618798
275409333
947723944
2217864537
2168072430
2058225358
1863240333
3882250495
3843698902
8282551865
5073365619
2939925587
3585369874
4275777802
2978102482
10429011463
9855884052
1764767329
297942968
302901922
517023823
193816839
4416973511
1107574963
2457149936
701839292
1531520615
1290827823
500294974
180565558
563336982
1114228348
2271336048
201209889
1886663532
1454680885
1740426218
2832587692
827386449
3371523791
5303063057
9597619376
3334273643
3774093352
4242560871
655175541
3077925327
2123359894
5496261314
342379650
311022913
1099386496
183543312
5754888337
169135335
220819835
4958793227
673822823
5537739588
860795756
1101326727
2855829566
655116665
842352147
763845821
1750097490
1017688644
4354197626
3389362393
698102763
943748390
219412747
5810885826
898266438
3704702322
2995320351
6010504397
1440046996
2115664995
749204139
706772513
362843141
373544044
5672866787
221555785
850208256
7202079837
4249476393
6264307808
491326171
1877239803
227305135
2559073623
572745820
3230380833
7932377828
1926657913
706830917
1801418093
825350660
697489494
12459321063
2893198884
5077966699
1858062950
2449018536
4152880520
748696159
16904726418
1740197942
796414083
1387876411
5140786531
1247654302
5269544766
4334315369
7050815224
802472764
2872845361
651865801
3541192934
7543961579
1392336965
450480710
3649065688
1526463342
626278119
2928356092
632413214
265316260
2711223084
422782183
914133125
3297402494
1136990784
7162577983
907336625
3759519562
2321571666
10298321061
969674063
561433848
2329512918
719369672
223426003
5752217092
348801762
29318073909
284085479
3090874262
6528568649
6577257282
10459080986
6218828909
4422445507
1586750472
3574417878
1324460374
3535654094
9813950122
11372302049
905136550
3930533163
3228460141
1465599513
8281039957
9869848190
4479742627
239866153
178069795
12618864260
1665994914
860194201
2054398704
3700665501
1018578911
695390857
1284144434
2483345618
9641420830
4816437088
3918983088
3360987537
1532838859
8022491771
3876633959
1342749808
1681096322
10035226407
2873434734
8224843137
1953794467
1405931287
467664459
5948350325
364910775
10904567847
2566451722
194195643
607015884
216188319
842659560
3808009080
3690424014
1723985068
4457167663
7053900137
1387515847
536244035
2030341304
756358101
9368208269
2174634088
186460758
1122933598
4199841852
3332496733
7330064451
2284641643
4946494184
3294726482
869523074
14671372269
3876356122
6819767911
4484639818
641915684
3866436988
1575639581
2529656890
2986189662
3298606675
1794606397
5712497717
8326879357
5874616323
6170867273
9214132729
1008194919
1028381519
3785472597
763950987
2316419098
306891618
4419801996
1340810774
6220916874
4067837508
4838568455
825464055
9376786778
576408329
4021979973
6725439658
2383080065
1241956640
6804435879
466180404
9300286881
14662564703
4727025947
6524470457
4864636612
760160479
3862657543
5355511078
6523395798
1203371932
2848086002
2269643733
1687835279
3483685777
2114954018
7024483968
6001682798
1726289487
365463816
5254168917
5031803965
1787956723
9262643084
768518951
3740817943
751247454
7648896949
671997321
1220413587
4336259009
2523829472
890441125
2605947433
266043248
5663729331
2205003300
5466883141
246777383
2696159612
266067862
2165928916
3217680644
1319637955
1036768124
2453478698
549128120
6253221213
1797773847
2788949983
2865141854
1115867414
217342840
1932172816
2235761858
1893530527
2031895602
1954310694
257259670
1402353852
552785323
4072907763
3163644250
1906990130
1262927844
3309362956
1925987029
7793198595
7248892179
2945028591
3873706673
1335529250
323497827
4510698408
539329069
1284876174
5183053464
1239133616
2728982124
275393230
948189047
2132657984
2252896135
2057960090
1862810374
3883113716
3843136402
8282637356
5073346269
2940031682
3585479275
4275624406
2978160773
10428581136
9856733634
1764376815
297892835
303687633
515967900
194211719
4416766263
1107644804
2457181322
701765661
1529762521
1292609239
499647298
181650504
562974150
1114210664
2271299080
201170588
1886703417
1455525946
1739466017
2834148157
825988234
3371385812
5302477228
9598448284
3334280294
3774606511
4241698001
654968438
3078546343
2122894457
5497061521
252546426
400388717
1100348217
182598526
5754937963
169117885
219811906
4959783446
673816735
5537713344
860817783
1102245364
2853886942
656190961
842354581
764031971
1749878012
1017784230
4354883959
3388576588
698120179
943779165
219431728
5810912679
898140860
3704976234
2995219186
6010532365
1440095223
2115084385
749946333
707069450
362391705
373600246
5674932695
221616477
849402400
7202831157
4249563101
6264224484
491396339
1877925059
226186085
2559657629
573778726
3147995367
8013724401
1926616438
707239495
1801652548
824241589
698011766
12459015936
2894044409
5077879781
1857055911
2449565584
4152861466
748710731
16904674776
1740216920
796498662
1387804060
5140818949
1247648185
5269492418
4334431991
7051124418
802122820
2872824372
651908063
3541203019
7543899619
1392321470
450490544
3649094249
1527264118
625391100
2928604829
632316161
265549964
2710257952
422985330
915477556
3296220058
1137730361
7162880679
906684739
3759508142
2321223044
10298532743
969864678
561250324
2329477283
719162000
221432926
5752223885
348808325
29318074211
284088151
3090810811
6528673527
6577104524
10459197222
6219256412
4421962552
1586716765
3574447359
1324487809
3535617541
9816842318
11372213561
774602897
4061149399
3228489408
1465482894
8281090054
9869797849
4479792363
240707502
177178637
12618930954
1665938391
860299067
2054304269
3701243842
1017550983
695683166
1285272610
2481098941
9642733389
4816435769
3918497746
3361447719
1532892236
8023289548
3875812672
1342797805
1682009123
10034389246
2873400901
8224821634
1953702105
1405868550
467648568
5948385566
364877795
10904037067
2567123462
140397694
606326923
216896068
839726683
3811689818
3689129369
1724049343
4457109697
7053889718
1387477468
535661319
2114328692
672082332
9368956723
2174635833
185954303
1124689559
4198724334
3332409260
7403784790
2210913268
4946510550
3294745941
869524788
14672210396
3875778771
6819060307
4485320823
641414673
3867200728
1575036692
2528502247
2987203617
3298640910
1794636484
5712104449
8328509897
5873270940
6170209360
9214783978
1008443862
1028261211
3785758149
763627752
2317291392
305739641
4420158959
1340754190
6221435971
4065485395
4840532144
824509178
9378354332
575752803
4022148652
6725249301
2382412704
1244297995
6803263452
465668826
9300294570
14662711365
4725530118
6525167536
4866832786
756781197
3864877432
5355258974
6523145100
1203743036
2847637352
2269676791
1687624342
3483837916
2115066592
7024438506
6001114380
1727813235
364481186
5254448855
5032041430
1786058287
9264044687
768554633
3654338169
837630857
7648878633
672043101
1220383106
4337604802
2522501090
890399920
2605378563
268216098
5578398525
2288875695
5550854506
163278414
2696388370
264922936
2249105079
3135551572
1318438425
1038191248
2452760835
550014084
6253437135
1797078126
2789851706
2864819066
1031302032
301179244
2025195701
2142977188
1893609175
2031325732
1954844395
257240921
1402095832
552822898
4072919850
3163666091
1908241440
1261757699
3310152769
1925153310
7793545147
7248638549
2944947365
3873744965
1335570155
322758623
4511444824
539212586
1284966139
5183028114
1239100272
2729010350
275414097
948168837
2132598503
2251999165
2060794142
1861725075
3881705934
3844220756
8282577078
5073397444
2939963017
3642220857
4219007413
2978102142
10428568045
9856812895
1764286630
297897705
302886224
516884238
193891940
4416606646
1108038722
2457164240
701922296
1530956092
1291246420
500237238
180567800
563492617
1114114972
2270958723
201639510
1886208927
1455999187
1738927273
2833132680
827382234
3371838740
5302104726
9598561008
3334205286
3774589011
4241356556
655845945
3077311713
2124457784
5496258138
252357155
400649640
1100429140
182606583
5754967489
169072267
220290287
4959460176
674473506
5536372802
952137311
1011524420
2853929826
656147116
842307958
764140787
1749926455
1017682726
4354280735
3389178424
698190916
943768200
219348135
5810926480
898208060
3704983369
2995281290
6011031102
1439670141
2115542843
749343954
707151033
362326012
373510953
5674492399
223306498
849505170
7202120821
4249499236
6264256091
491577602
1877582866
226300483
2559578250
575268124
3146595553
8013720962
1926483835
707247971
1801698945
824218531
698196831
12459090252
2893156981
5078544155
1857249207
2449413661
4152847802
748710615
16904650226
1740254682
796463879
1387871627
5140789746
1247593693
5269566429
4334357881
7051526511
802157080
2872246827
651921581
3541261252
7543393137
1392739696
450574905
3649143888
1527242306
625471862
2928437725
632364266
265512175
2710263765
423492254
913602939
3298141289
1136773307
7163337415
906631595
3760527108
2318898443
10299833023
969456567
561549255
2329486361
719124919
223732212
5752193845
348526336
29318595662
283888198
3090838848
6528630137
6577177373
10459761365
6218488941
4421613447
1720575069
3441179645
1324515065
3535662528
9816849338
11372218741
774611337
4061105412
3228565007
1465856717
8280576465
9869850188
4479758211
240222419
177617972
12618951382
1665995951
860290558
2054333707
3701297417
1017379217
695926674
1283327974
2484291397
9641388439
4816372045
3918667053
3361218881
1532980390
8022136435
3877008689
1342646192
1681181974
10035235812
2873417467
8224870078
1953691328
1405960487
467908377
5948065492
364916249
10904540158
2566500392
