168454736
207021611
190694545
515195766
55357863
261681230
499329488
409308840
112980919
538596921
481906108
417643815
1043761951
312240777
242417506
401033570
1180884679
316546980
735353994
298064677
176573625
401274710
323960059
354451173
105001739
391755190
175913896
161119377
562666669
172576031
385038789
162646681
269216333
633153379
173533568
662939192
190461779
333711389
373716402
548951784
1322420686
436428484
597419214
338357594
159545569
604349983
56892058
755418344
358339381
236818251
289528183
587807671
157603559
490200289
183447774
428826134
159248626
202402514
665449027
158947327
555130048
170668350
339969297
1173981427
391742059
162963592
492437947
165004199
746222043
610409522
311876507
471875870
172599859
307091807
4339690
993914019
252107599
599999520
1031327763
610034651
306023583
596908650
1190536627
268401319
816090924
243570838
497882017
333328038
417078649
418562251
718594271
665046553
327416566
815631889
292352672
274486972
276852099
410125290
299138571
640239155
1109161854
738478537
195018702
615688855
558379554
249323103
364963851
1110623743
405418746
366355297
352063531
891056090
43971340
338254996
448517087
237721816
987811295
388789
349316926
163909248
228537295
409050022
423427725
439679386
150355405
184541311
294562834
480864450
157861779
264202971
217454723
406533626
211649371
376395051
274715390
359795954
346976342
610206118
701928838
496387793
333115254
331126767
149824557
284133158
734543209
211917266
280365424
686881212
217092554
760575583
308982327
363467523
265776521
585044470
379973354
174757209
673338182
941394940
357051032
1196891116
254509505
163443484
690875170
173324035
362142058
348135713
405355145
355647921
542680512
927586362
420867058
522733586
170073806
272995907
204186205
131182129
989975823
228330269
221373851
238348509
154429229
765080386
630598343
848866559
701656742
335230155
658978004
281952553
366962731
219811955
850586559
216660827
171461427
296461541
533505007
310679826
411005387
164555896
345358170
409155591
214735475
173584845
194598912
440315865
601676588
719715378
639432814
686207450
220035405
113872500
350216250
302085272
275768397
905388817
182016288
609736451
502864781
187947520
280232958
535791362
501081533
306669913
2394117849
310679699
711293815
20643596
41690
314306032
658534214
224971233
610507249
264253396
400938795
480577852
299852180
531459706
903846911
195243884
1291621314
311322221
13686463
435579981
366934574
555782727
255178235
466449624
227322546
387092382
158848684
78905867
952132210
474472921
555474511
206260404
423413562
467980157
326622276
431715676
573115182
1446313716
171244837
1117115255
734904253
869913498
167136882
640938004
471105880
313141672
128381192
406080690
443717395
309946183
390430801
560508104
238708478
333564743
629468699
680475717
1053487504
207547795
480471477
456616721
393684763
423762230
231146002
564782732
307557976
598614900
319354670
375312792
1317308151
563532847
949550139
311145447
378485032
617104511
221564671
1897360470
1318887097
400199000
205927527
360214102
1189163866
361309318
518977224
216565854
350829569
567056587
188293607
564223560
458458603
634100415
279753728
239087305
161693181
601142107
473457924
455988664
241036053
219667584
688232702
106692021
176083492
755763191
228757257
416497370
182361464
360599754
155510502
228126140
391330857
281867076
660784142
336973931
92718735
317691197
218035243
177768759
310942440
162592976
361482749
414321451
393446128
171798130
183386933
643471712
256975422
346607810
336691061
544190198
305452046
513105841
987475482
379872058
156682689
162784185
889529539
367759560
108191506
248097644
515788496
685632555
431455416
309480952
34792695
99797771
160713013
174938675
629335912
109794896
353054686
351572790
223820883
705761603
217401994
397572886
356423984
768902855
896554438
675059370
294773101
1146149574
567500214
162561959
183151832
783111485
130268665
1295067637
262786460
223256592
292094049
1060719382
367508409
457783966
200185270
156409566
432668714
490156443
199605298
869805710
946290769
334530783
242878618
1257143785
513670106
166634520
1363607870
338023592
298121955
154131939
609460800
361481772
407760911
743528660
605154940
770668855
128768218
156270089
497799814
508736136
472718857
621671267
317298680
623336013
360510329
212425101
244717521
256435215
168990516
355312133
1249806877
226800214
305833579
401177741
549338345
319264383
556642155
474684310
194421871
173799883
196390299
727320384
348356988
428831062
440288099
176607628
453439665
622683456
220497795
391963436
271899424
428926519
216822429
187017610
904388107
353198873
361603266
493704848
915365222
371655552
280549521
365295855
484921769
182773711
362861102
252346942
278770437
958172831
348544831
465513898
397892858
362166847
270265712
173942445
2233331773
189112013
268299662
361280096
763913747
290488231
489904719
253904571
246768884
300518397
588450948
152874734
313301187
565906995
398209263
239064775
250466366
716552518
226518203
1163015850
835444873
359675823
276238591
500110982
1128024901
940076813
260146179
186362324
225634388
234793729
154514239
156615420
204262460
198222242
363449841
311711687
149149198
499083889
560447941
20548102
480853446
478805136
419727927
983785101
453337262
160130168
276638921
1305036061
317874958
732465286
459352318
17018423
400314875
325091312
291391455
226482637
182280040
326699466
214758374
509105259
172448694
385005805
162686098
269654106
632763450
173433546
662978252
190786420
333432530
373663482
485968793
1385953764
435268901
598126917
338923659
159057754
369638262
291731192
625439278
428104026
358239931
228229485
588290872
157389289
512919344
160094012
428805107
159168669
263507248
604391419
157765904
555724053
171262722
339967657
1174455801
182334525
434598456
429730549
165487906
745794232
610380273
311972167
471901452
172590340
250158003
1055173297
252068489
659591214
971675396
609906542
306053955
597082789
1190386184
268867240
815467155
298968248
441801321
334012789
417242923
418453180
717986678
666164820
388369641
820856519
225278171
275340889
276053354
411758573
299001002
639596124
1108877127
738478907
195054196
615629514
558564208
249308106
283356067
1192836911
405371267
365884310
352637590
876406457
397125923
515842783
170157658
987438302
185765410
164312601
62642694
101245368
228140569
409481672
423404292
439792214
150306930
184560267
294529879
480847221
157910581
176723282
305009643
406718703
210960625
317263544
275644257
419027904
346711288
610660649
701369440
619024060
210405598
277388193
203373273
284656917
733718019
211295252
281850937
684972577
218903723
759821736
427955773
245134683
265353308
585963068
379531651
175840871
672462998
940583948
544909373
1009639050
198115523
220078383
690824289
173177041
362745081
346970772
406511974
355043950
542869038
927761606
420371441
522782861
170347434
272894563
284908266
1040596532
228346358
221407203
237741005
207937542
781927114
560601753
848992152
551965457
485065366
658428669
282354537
366765532
539677972
530777748
217063395
170747894
296945199
533246207
228132962
82846920
410854117
220261937
289662670
409060715
214121333
173752666
194936072
439662124
603216843
719133636
639313586
686381893
160703598
173319890
409414546
370366180
147913754
904315770
182672797
610152231
503442422
187345417
280453127
535675180
501532233
305918621
2394778634
309546697
662023530
70789591
315045070
659709789
224275028
609272777
264906206
401046959
480615116
300325428
582444994
793409774
254636151
1291209060
170377640
142354379
12242289
435603467
366960571
555640698
254654373
466994745
227323679
387107978
237814984
953961984
472747056
555513287
206264021
424357227
467322576
326689862
431164156
712545363
1307438251
228403327
1059414860
735567377
869634005
167146596
640992053
721199080
190969252
406483019
599910359
153769696
576126637
20626751
354248537
238704426
333691429
574944790
734808578
1052922942
208651943
479555062
456442191
394597014
423497785
231281782
630132076
82489009
159554466
597923839
319582550
375809317
1316647883
505979769
1007618011
395371056
239206872
672417083
307691031
1809557662
1320272285
399442239
330439281
235973373
1243428219
306252985
519442412
215665666
351885913
567368353
187833798
563808221
458942742
634015962
151932326
367599479
161533684
600717322
473486450
455856746
304911416
155915677
628171669
166963026
179975884
752015290
229677799
415149980
183322250
360291313
155561092
228014050
391360374
281893065
660917609
456858082
23350955
266975989
218029825
177830947
374872516
99090471
303071837
472361663
393439190
170817201
184497493
643486441
257439326
346775386
335991435
544294952
303810119
514688827
988738813
378708853
156761964
162236683
889541719
281566570
193844431
311973766
453039640
684084064
564253837
157625633
155435710
160723819
174869345
506402093
232672879
352454433
352258900
224206549
705537643
217191054
340512285
413827610
428981974
153631043
185552138
897269928
674884809
293798064
1146759237
508534454
221629070
183409656
715868076
195151047
1296945355
262208458
223843556
291742447
1060837112
241696208
583606799
199418700
157788992
431949755
490326323
199574518
787642446
1028510608
385690828
191699435
1257144194
513596116
231313622
674618402
257644368
305511812
399401265
297641577
280222305
483348869
362001594
407070752
744054442
604810884
539176374
360298894
156305939
497705542
508869779
472771087
622017095
316427149
614719136
9349726
360235746
211807054
245272756
255851327
169285236
419104589
1186100439
164986666
367798417
401465306
549145421
319821062
556145058
474332846
194631162
174294663
196035522
727284435
348089885
429465892
439964462
176753710
390979525
741598444
105858130
449968739
271868143
428983491
216568428
187523242
904040297
410626197
123775087
673990104
915188557
549466941
103161782
482563582
367696638
181915972
363424619
251885962
278648137
958330075
348550123
465951354
397865633
362063976
270317651
174032660
2233352948
190261297
267157050
361130865
820727610
233465762
680789102
63182373
187098168
271897885
677047310
152355131
428987999
480114703
25568361
342903145
239080593
250423547
716532293
252004726
172654237
964915349
834617109
360752643
276318992
499234295
1128578644
994026108
316509466
75546157
226051733
234808529
154642207
177528001
214788830
179161337
514518188
54596061
343100768
417850339
409800397
113161492
538644507
480055856
419669107
984555100
371434050
242406862
276419067
1305927449
316314683
735966058
297518754
176805199
400358719
325042681
292039647
165122090
393676037
176383338
161354610
561389060
257782205
300878951
162644477
269127823
690212168
116442861
716265220
138098879
333317752
373515128
549168569
1322175265
435319907
597866366
423773471
443018801
292481848
624778100
428736464
296880266
289558050
588367808
157468893
336877392
336900076
482783709
104826656
202008951
665853723
159049611
554929118
293890480
368515448
1022115504
270810418
284075660
492412130
224915001
686320414
610378266
312514273
471331013
172204214
251318159
1054420143
251638313
600431568
1031381590
609956687
306372113
597051613
1190115391
268224314
816286577
127634498
117375248
495882722
333935047
477549300
423971748
651947843
665794853
327577278
815422094
292048320
264247269
11706226
275825166
410519292
298764955
702596135
1045928789
739458360
195045341
615672024
558349596
249404808
283274053
1193119655
405382178
365781004
352604443
876331099
397296608
448180856
237781796
987461514
37926
727054
349262932
164237342
227831099
409553200
423402330
439759179
334437762
413079136
362767349
158159826
327459013
153589435
458560474
159503959
317481228
275749029
418285395
347045954
610082087
702198657
228897538
600392777
275950668
489167353
734167089
211210197
281782148
685247576
217342827
761815917
243837723
428642814
265705908
585069475
554881367
673607336
940465051
357314921
1196858237
199457171
407473180
501963161
228242047
307628355
349171900
404683990
355484594
542687297
1042784966
305800754
523326595
168701623
273924008
204403733
80939121
1040515974
228775122
304844331
153393994
155326472
764625744
630739296
848918699
551457262
485415753
660283561
280455325
366902103
219833287
850211667
217037870
171476845
296760997
533518364
310123234
576366167
320207950
25595466
408155824
214113890
173868868
194995038
439566236
602585766
720131481
639050298
686401697
161251888
172643496
350209731
301406410
276620980
964040517
122606439
610187930
503968928
187073400
280100881
535720392
408220462
93191810
306249859
2394237153
309922843
534195715
198462937
438663580
536142566
223711533
609805397
323436838
342593885
480439896
357028416
474308056
845154570
372629130
1173113164
170562987
142369748
12095789
436209448
366288864
555570007
255330514
625972920
455417030
175392853
1014234285
474525920
379614263
175859948
206297020
424378029
467373446
379599784
75658436
302583794
573599487
1446399407
171019770
1116845930
735235305
870046448
167115322
640533955
471366529
313216182
128541959
405895640
444193930
365727681
333559265
561226041
238977970
333419081
575761812
733996507
1052816160
271502887
416770946
512423765
338211953
423773960
229930606
566261829
307314689
597908685
319685197
376328207
1316664101
505764696
1061562215
256704243
324019371
671617720
221595999
1896526284
1319670044
400652890
205844352
360282738
1189028577
360891546
519356720
215475513
352294709
566683820
188398664
563635248
459287510
634007359
343207084
175278137
161693415
657074998
417644294
455847223
241921853
219009198
570630409
224523011
176266572
755457390
230083760
473747318
124064420
360715604
155538224
227442551
391957994
282180845
660154528
429285444
318455934
217989832
177855425
310160930
163877616
302931537
559011877
306739605
170796977
184999258
643002795
257535052
346092985
252044043
628541453
305688820
513524947
987158717
379983875
156597021
162881646
888942886
281650357
194950164
249217566
517233178
681377347
432766530
289044556
216801144
98653322
175710968
506090329
232891659
507944440
196604063
223868592
705902181
216913574
341015216
413701939
428907276
153728507
186211616
896176762
675448143
293873047
1147077825
508412385
283216084
121411600
782906417
130377084
1295039645
262763890
223595690
291826438
1060806617
241791563
583411051
199645668
156765230
549404253
373844804
199570308
787579853
1113367802
249505197
242979073
1256969143
514027314
165972122
739707759
257291161
366786551
337980270
298665500
153551576
609964604
361160041
407662917
743978523
604734761
770723718
182431097
102241073
498092214
508862276
472619103
774780374
164145622
622027561
419114967
154874513
245871012
255061461
224542618
301637285
1248368591
165303384
367582970
400470781
681463584
187626019
556300583
474742521
194691662
173834965
196307087
727572405
347854702
429570194
440112016
175540403
392196753
685108993
162606891
721569286
428986429
216826181
186923533
961528655
295967450
975243405
795573653
372101612
280023947
364704442
485914511
181856745
446328057
224292035
223374284
958648933
348267353
465898133
397872830
480142873
93472356
232810749
2233347656
189090760
268360600
361198195
763217682
346788274
434490117
254089537
186716438
272022134
676736558
152619446
313187313
566226285
398215935
239079567
250386251
716768949
251599044
172778179
964959883
834495610
360886264
275941204
499674220
1128047212
940210723
260513479
185935716
226063277
349564034
39590044
169533773
215428250
178528479
514961257
54607054
262987645
497402366
409841718
43595098
608315938
480062356
483395987
920324159
371394019
298792984
219871334
1305953891
316375671
735864545
297071301
176582079
400534824
387774701
228972988
165710629
393869883
176147158
160889594
561808514
174009227
385188938
162564058
268805513
633323629
172970300
845324374
8409927
333543842
374224112
485352735
1387038013
434051321
650517492
286113625
583461403
314983994
547404952
428669562
358141574
228353151
587748629
157924085
512989223
160471537
429128230
158984540
202427934
665806520
157476120
555739524
172414757
338795150
1173969793
182783310
372057985
492374611
164985210
444491717
356595086
555906577
311417283
471964439
172592948
307080277
4228758
993830750
381209450
470883744
1031699740
793743254
122232549
596485455
1272925117
186118549
758234355
59196762
243774638
495577602
334050126
417232140
418490224
717972386
665741224
326933336
816125465
1363114
351547745
112739
203125447
11719230
275413505
411740297
297959354
640280838
1107525336
740413235
195268086
614331408
618831955
189388108
282025267
1194515544
404829281
365851960
352545093
876064623
397556490
448208297
237790612
987263406
514639591
227808144
409386438
423666279
439624630
150233332
184182409
295012090
480852029
307623363
27335237
304146800
518981810
99237269
317182854
275382526
419230071
346514757
610855664
701420634
496396893
333088763
276196033
204699585
284526056
733828841
211301702
281847783
685196301
217427630
761118240
309615099
363588603
266842760
584081972
379646867
231939555
616733904
1093612432
26716812
174131133
1196616288
312621951
106441964
689986234
174081201
361954554
348072076
405640878
356085413
542025653
927751942
420888561
522405027
354268096
89515101
284683489
1040502005
228367849
222246251
236833183
154971708
764494887
631222721
848916261
551475893
485603843
658621020
282025580
367582833
219487243
849872316
216946999
171278933
297505569
532660223
295936413
15008523
410799871
164540341
345491819
409109082
214219362
237451085
131213092
439593310
602313300
719838200
639373532
686475081
160515633
173330927
350196660
301850790
275895313
904207568
233681201
558990387
503417297
189646308
278224177
717676840
226432690
155347116
243794615
728292953
1733607965
242549956
534275520
198651503
314541889
658531756
224905186
609700034
265249366
400674412
535049035
245298916
531682464
844843083
254807239
1290546660
313543704
12081076
435575719
367149271
555804164
254359549
627071827
454605513
158613551
79088941
952260877
474542998
379610900
175533345
267950383
424203022
489730107
243226649
430969564
573550155
1446312965
171134803
1117108486
734958883
869935925
167346239
757904559
285077
496206209
298264340
468426947
538147279
153724767
389778451
561509697
238245287
391611062
571634556
714017542
217837779
801492487
208077280
480465600
456322066
480243523
337434992
230076382
565370589
308663229
597475416
319403504
376353392
1316873637
506264809
1006695001
311226574
323961050
672008996
368682264
1749302214
1320118449
400302860
267564775
298522286
1188066374
361137928
576526812
158743915
351857583
567032690
188472321
563658554
458848535
634216596
151748535
366730696
162686154
600355943
473624525
455908318
241094457
219064805
571339769
224463064
176282630
755704286
229888544
415364123
182306448
361305245
155153379
227270121
453267285
220917933
933814235
63898441
143260358
266930689
218062054
177670462
310329636
230461460
294192281
414397112
393880495
171829529
182979483
643570744
310520447
292927729
252102185
629083090
303492424
514681029
987703365
380786668
155724091
162720422
889037072
280979090
194363481
250413895
514321730
765628676
349494532
290735425
153466416
160200924
175731971
506082949
232317464
353558625
351931208
223850782
705608413
217253906
340823527
413131037
429418980
208973953
187139289
839617424
675507138
293887047
1146627141
508756265
222090166
182246529
717970378
194352893
1296156050
262840606
223637494
292059387
1061057744
241976399
522290920
260056183
157012610
432896252
490178038
199557412
787616662
1028595078
334469121
242885027
1257396896
513719363
165945889
739964287
257036793
305909835
399497532
297454952
154297298
609794574
361198797
407730656
743510986
605225531
539208897
360297914
156251915
498047104
508025897
473339429
621353081
401444301
530255013
9202447
360398552
211770685
246091251
255154028
169676659
355088769
1249753801
165361258
768129360
717637880
26974693
124675790
556564834
474446704
194684826
174299138
195883211
727295284
370632286
34865356
371870975
439928978
175868071
392038877
685119176
162291321
721848538
429002658
217380733
186471925
904348625
353202223
181378312
673990789
915295008
371678126
280617765
519173472
93702938
237685024
181998917
363325748
251884141
278425022
958895219
348214837
465920423
397875522
362120750
211145263
233210796
2233292622
190230810
267028025
361651061
876960861
177309332
489728215
253959008
187101972
272049845
676827018
152521493
313272531
566898690
397305710
239453656
250263421
716515219
226440376
1276831163
721027660
360262875
276698772
499313415
1128052625
994420614
205376125
242943578
169876100
234737255
154689625
180782310
201270307
185977847
209908748
352427742
262374784
498094790
453972549
608997218
478821194
547764883
1035133201
198555380
235803676
276346590
1358275430
264096640
809395036
48381722
335019248
17161896
545190820
180583804
291222566
165895940
393311128
176376671
161358821
561437263
173641177
384385222
216735414
215051041
633136664
173464867
662933647
190139915
462674040
244996385
485965187
1387141860
434901553
597359680
338383165
528338609
899688
291312493
625290365
428527588
296947047
290375009
710960940
33936600
336691395
336978566
428747741
243999395
116829417
666124278
157307886
616905089
110058726
339440566
1174911610
270189611
284127856
619518682
37726918
444635469
301419276
611078108
311414022
531482468
114872028
247640007
1144669742
231089026
531986813
1031376885
610044486
306286007
596916935
1190221820
328283071
698284820
59347023
243736117
495783800
332523344
419166598
418230075
718617966
727733870
265109114
838958992
105374995
162291909
264335811
11748946
275367615
410860946
299903474
639031600
1108793654
739462681
194394782
800565154
373820294
249228479
282718213
1253041004
410113326
2365280
299741768
352360500
875709612
397639608
448181666
237808511
987664718
349889189
163928906
228201869
409470023
423432876
439554457
217062025
117486290
294894612
481141059
157655313
176734221
304705917
406957912
210717027
435975078
157184607
418783898
347125988
610035168
701894393
496225556
333178016
276246487
204726961
284135322
734260780
210880700
282734702
684767283
217593691
760823570
244182545
429015606
265768445
585118561
379835757
175137686
673383208
994932530
302849119
1196810810
198442722
344039358
566514869
173678317
362261820
348381869
405352194
356128599
541990481
927706391
420925564
522600477
169338521
274361759
203974816
80929627
1040187444
227999825
305783944
153753227
154964603
764465680
631231847
848952046
551438807
485584814
658960985
281408521
367199040
220027533
213713550
636296618
217391229
170451709
419148765
470947080
168457354
142488040
351060951
164526002
345550414
408988857
214706487
172979642
195616999
438970394
603500425
719016729
639188125
739326505
107846864
173514011
349569032
430028659
148381586
904199473
182420564
610138984
504086927
187352538
279783080
535795291
501052969
306461363
2394217128
372274082
472025282
198996785
315040474
657902026
225666333
610085871
264287200
400958773
480634031
299676456
532128100
844505300
254652747
1290469694
762217783
368190979
553583661
254729375
466950442
160038936
454332091
176251115
1013585909
562234409
292398882
175921979
206031760
423173577
467787041
326570883
431420724
573644064
1446242143
171145494
1116828540
735238213
869735837
167789432
640157794
471354368
440966060
468475154
381821109
310086829
389868534
624027837
175977988
333087821
629705508
680491803
1052940887
208226725
479774606
456967186
393547090
484799332
169238304
566291920
306938477
598371975
319742613
375479572
1317774257
505438614
1007088595
311631342
323637202
671511708
222181535
1896126950
1320437437
399557658
204967937
361490057
1188709595
415278587
464966262
215516337
351199774
567341900
188112680
563703390
458880225
634127700
151895403
366874064
161765272
601897873
472548050
1041716556
445103106
226651664
175019498
755697465
229001575
415786827
182880375
360482951
156647196
227100556
391530409
281525608
755484473
334518918
318404992
218073646
177262655
375262265
98623754
361881993
414016149
393470823
170793252
185177577
642884983
257491792
346136663
252090218
628628855
304034849
514611098
988801918
378614472
156757107
162111143
890030691
281314029
193851796
249106342
515715237
684184518
433051512
290669709
153285319
223059428
112704139
506462432
232733871
353213166
351468128
223639966
707243471
271203194
284904150
414300087
768458340
896721093
675422932
293940289
1146570745
508561525
283500514
122042100
715493592
195936369
1296215897
262813887
224015587
410928225
941804564
241199656
523053539
260166902
156857319
432986335
490200699
198737683
1236977638
579868225
334410495
243134788
1256880715
513617475
166443642
740690781
283177434
95805927
243681377
338705892
298051373
153638668
608953123
361975376
407243567
743596355
605165566
675985069
223687207
278985017
375094154
508080492
473299476
621512796
316819032
622586294
1747945
362531237
209375824
245264946
255962995
169673899
355155359
1250151289
164223738
768777604
550020736
319441048
556196326
474739094
194699457
173561347
261326079
662359426
347955760
429085185
440345167
175600156
454345220
622692118
162651635
449907599
271726318
429363978
271906551
132087600
904017979
353206555
181381985
674002239
915629895
371194667
281057322
364353884
637174688
30758319
363347778
252224174
278293886
958121673
349092519
465841391
397698229
362082351
211269315
233132769
2233273342
189133124
268475442
361072179
763890905
291045886
489421000
253887943
187258360
419345131
529487998
152174002
313651271
566025803
398176482
238882776
250790600
716616802
226435410
1163205495
834486685
360383077
276259817
500143280
1127643911
940116811
259772315
186472202
308683437
152311362
154700586
180974454
188377575
201622977
207232452
464598640
149892093
497581031
451452321
610155965
480078503
483442300
919984017
372166733
242369076
276474178
1305618114
318067222
732304440
299658263
236829620
340132245
325429074
291345795
167491247
240907875
327044749
160783236
561970429
173641410
384955800
162365715
472767062
429911462
174178193
662061488
191727953
332058235
374764867
485104382
1438461064
383121066
598191740
338356548
528491199
292519862
625014320
428905721
296573166
289570906
587808927
158145316
489502970
183777848
428697237
159309463
202471632
665383251
158104482
555447292
228125677
285492236
1171450852
182607665
372611976
492041558
164978935
444611588
301545088
610395882
311582183
472629751
172191489
250104420
1054873731
251744232
600408606
1031346974
610324085
306359646
596907049
1190411949
267967276
758178734
59461391
242208565
497168825
331149690
420446965
418446110
718537732
665121076
330055436
813173646
291823523
264391174
11789360
275278597
410934306
298654171
640329967
1108588567
739140583
194965237
615709050
558447478
249337616
283023012
1193083576
405754379
365666540
352310299
992306398
281597165
448108390
237808434
987433839
995510
349033379
164285927
227906308
409409561
423420760
589739223
184868353
294622681
480912636
157895168
176619715
304782941
406947397
211124353
317450773
275398662
419047016
466890248
489991619
701899139
618880786
210568806
276359010
204514204
284168030
734211182
211249667
334142755
632958546
217884189
760241689
244726145
428549305
266450438
585087768
433007072
122528376
673200627
939515880
357841123
1196406947
198616732
219900985
690464392
173705880
362251952
348298093
405388842
355403982
542763321
927691559
420897156
522665860
169445526
273799292
284965658
1040459834
229434787
220513729
237642644
154922340
898246538
497277704
849213579
551498209
485792486
658536004
461509125
187940755
270454087
798940457
216997530
171394284
296843781
533021389
296090061
144646561
281123542
164581481
320459125
140681868
293626041
214065661
173945700
194907507
439999713
601710653
719474702
788402354
537679693
160612751
225244721
298291236
301785859
428403281
752833582
181449113
610602119
502354589
189434463
278989387
535758908
408131158
155335216
244174237
2394505202
309794652
534236407
198839799
314766017
780405968
103068815
609759280
265450651
400836663
481181202
298934082
531597442
845102009
253883999
1291333387
170969680
142674696
11876184
435526005
366722273
556289365
254436580
466899780
227458046
386925743
158918952
17182230
1014101437
474695938
555089546
206059452
424559408
467467610
326626815
431424233
573592825
1445965297
293951365
994475422
734991879
956315763
81140024
640197430
471355888
499400571
2471806
345702233
599775162
154016040
389905907
560967125
239513423
333027258
574696908
734908566
1053047338
208191237
479908787
456993046
393734098
423801092
231379893
564929707
307774512
597625289
319671645
375516266
1317249006
506359862
1060966434
256863592
324314064
671582553
221399761
1896694907
1319734117
400395687
205801283
361062835
1188365780
360739440
519540902
216418178
438904400
43035597
435645118
251288139
500878615
516581492
576637670
151815044
366884981
161758051
601337678
473369317
455899247
241204372
218727414
975614669
587558553
165070044
228702962
415687199
182923526
360676944
279198332
103858687
392066633
282021626
832729464
256998012
318497380
217943363
177212091
311344689
163129073
303001125
472472816
393433051
170800266
184199233
726322184
174109309
433012594
166321661
628923168
303375413
514657177
987653713
503092383
33905911
161775809
889539354
280616095
249249124
194660235
515656653
684312891
432877808
288764716
155248827
160383568
302409449
378998529
233579852
351569867
537794814
38473473
706158016
217553703
339399891
469367993
374091219
153150106
186224577
1112549091
97595218
361322954
294433996
1146558288
508486423
221575566
183276063
783106297
129299522
1296353902
262020747
224848974
290879277
1060840139
241832378
522989432
260177597
157619317
431934271
490468853
199482091
787637515
1028659793
335276057
305079307
1193884718
513623110
166397101
739855986
257090032
305843806
398629045
452684614
609442946
361540222
407733147
829591977
519155494
539165352
360546035
155657566
498077352
508441905
473491659
621390759
316759213
614787217
9495089
360099977
211908311
245297879
255417786
169681070
356589114
1248751893
164311561
768749845
550072496
318799780
607813109
423481531
194681533
174354208
196229691
726927123
348113233
428942764
497216044
119126177
392044354
685175305
162538612
449462379
272074653
482149996
163503257
186533527
905092394
353109441
181053599
674127743
915336583
371631818
280635345
364639136
485984325
182047183
363287564
252286671
278297344
958256612
348679671
465904398
398369900
361607019
211218055
233119586
2233137118
190402019
319824619
308519480
820626065
234038683
489670219
253928278
187112607
272100585
676858107
152368223
313297854
566277388
398119431
263863951
128749627
97059253
716304845
226549763
1163064729
834804335
360392762
276676142
499254302
1127900588
940585529
259509309
186941202
225820279
234725088
154437479
168570260
204157864
190847524
218082948
351268240
263611126
498230212
448717589
669302550
421734102
612539420
791127098
454034544
160507756
277004116
1306063621
317114830
731882370
459458113
77347643
340295024
325577411
456942774
242664735
327050295
160711757
735965507
384660964
216679384
215138094
633298483
173318273
664147315
189457967
333556457
373808281
485893537
1385825064
436315619
597357854
338296233
528665054
292448095
624995646
428928724
296509629
346711134
530396599
158216758
336936901
336499868
429156944
158854444
201986663
665728955
158193502
555396257
170787270
429024297
1085387676
182734146
372074773
491920875
285666462
626136011
610801951
436681712
346491985
172641150
306877464
67706124
931015235
388501054
50810083
412760368
1030652213
729838362
186660137
597712856
1189494076
268433009
816117621
243306021
498250960
333271133
417535323
418333957
717864877
665757502
328239962
814917585
291796923
264010300
12082487
334046101
352061506
298780566
702467069
1046325411
739152228
194825271
615833216
558500918
249232114
282050031
1194175508
405647412
365652649
352558127
876095808
397665123
448114781
238373514
986556586
59694366
290252180
217687546
174706181
409453894
508957506
22202204
482216016
184267352
294882338
480930020
157916074
176680091
304886849
406735622
211211899
317104443
275663245
418515131
347363874
610065703
701668481
619084374
210547975
276333568
204844345
283917470
734590864
210886203
281863295
687010193
215543633
887032361
118275403
428963635
266943771
583984743
379871472
176239203
673241572
939538594
357351180
1196899450
312312359
106120576
816850639
47307688
362244551
350629815
403339494
355243933
543010396
927440784
420871289
522651373
170465374
272765325
284776251
1100271788
168749813
221129557
294871504
98202152
764428698
631201124
849102982
551503593
485520561
659014779
421681378
226874340
220019706
213766323
636302012
216967169
171176409
297127282
533073664
228179384
82877203
410807236
164318241
345793216
726083
407748915
214138225
174389318
194882961
439330521
602328682
719797947
639342587
686641968
160447102
173406320
469372742
182040418
275880555
1026803574
60506247
610153790
502332050
188644737
280198016
536234073
407716639
93280447
305914011
728002185
1666645064
310362808
533660814
198515639
314631029
658477141
225038122
609735135
265095157
400974899
480661458
299426882
532402419
844444439
253905939
1291282801
312095859
13465650
435319329
428456574
617267266
131916914
466640519
160295817
454504755
175713428
1135640086
353124270
606847247
216404921
361197937
744950653
50622361
431451531
650520546
1432205147
108216529
1116748888
735510044
869753331
167999846
639947329
614389362
169685928
128576752
406033300
443372672
310388197
389962757
560948665
239108421
333339662
574908544
734767570
1052987776
208654543
479560201
456234906
394765020
423124040
231703618
564893160
307236552
598191862
319456184
375873109
1316792766
506412288
1006914812
311259227
323966969
671790896
221422687
1897657198
1319321165
399837943
208079505
358311560
1187891772
361553739
519725007
215223470
351607905
653028174
103599904
562688428
516140495
66972581
509872645
151821137
366892100
161706233
601344304
473395279
455895546
241321707
219038591
570470594
226593525
179641423
586313622
296213459
97393149
415551214
182935141
360697442
155620962
227384416
391604777
337593562
605406308
337085686
92508035
317815766
218396454
177407360
374794575
166045820
236581134
472106572
393482756
257295562
97964350
643607713
256742558
346823320
252098474
629391257
303323014
514594700
1174068227
192872886
157790745
161312728
1011480878
159108024
194590317
249362622
685829152
83444833
430409549
432910746
288846579
155255419
160340201
175295443
506434864
233159105
351946629
352354216
223796114
706076461
217076305
397461629
356994506
428954627
153581630
185770326
896295914
675858869
293890303
1146612306
508756883
221559627
182989653
716761090
195549300
1295982374
262910342
224459986
290633467
1119715566
183209110
709543328
150775816
79612284
432569951
490539341
327668434
659398339
1029260226
333809757
306071388
1193884504
513608397
166730673
739602384
257365444
305139088
399997863
297463956
154283735
609199397
501317053
268039642
743542660
605305314
539109995
360501318
155694081
498030915
508440029
473477664
621404701
316822907
622521551
361568258
340405958
114873637
255941206
169677890
355306697
1250114782
164279927
595465859
173929359
548975977
319461662
556272371
561552499
107942786
174216909
195751977
727333879
348085940
429136941
440324661
176046155
392567219
684123862
162585120
722186258
481862531
163561519
187378877
904065990
353165988
855422669
915338770
371665442
280573486
364677564
485604247
182388863
363288555
252278846
417378438
819043999
404209205
410149694
458913475
353694131
217892566
174016764
2233272685
189161763
268237696
361245336
763910086
290746355
489464927
254117953
187212752
272005747
676723268
152508455
313475784
565688964
457384612
180382707
250212815
716827911
226236797
1163073314
834785560
360425387
276224031
499706093
1128099787
940123422
259841884
186600689
226142673
235035561
154290503
200615209
191557551
185703904
211108665
350552437
261378678
500427090
450105225
610130366
480169989
483561126
970036339
9619827
318760189
235702866
341658172
1240699191
316183114
733648990
299778283
175562175
401944114
324938825
291074694
165228890
394149507
176254560
160810036
561915362
174264884
383986148
163135159
472268114
486905444
116365973
662876155
190999619
333290139
373655940
486002634
1385979200
435176516
598254978
338347986
159446192
370016719
291508012
624564876
617695579
108126650
289105917
645747749
100611777
336660085
336520571
428464504
1156560076
29136721
554889756
419208642
92186199
1174553537
182176657
371776933
493222852
164826699
444171895
301747307
610886856
311172870
531509562
113124070
249918290
1055635910
251280084
600011756
1094295985
547444290
306246431
656152897
1131131344
268861322
757427271
59841514
242208826
497142437
332659210
418757320
418685724
717299792
728797991
266050725
741036256
203121973
162037779
274635508
396683870
290957936
298825206
640261712
1108011664
739723333
252204160
558330773
557978368
250173464
282766028
1193144310
405548639
433112308
285058929
876323456
397431362
515611631
170975910
986815596
1071856
348839235
164005304
228190962
409453789
423404913
439709057
150301836
184228228
294959924
480868305
157976900
176310361
418459300
293497574
211759652
316510245
341920954
57240794
295454116
346605453
610356345
754135592
444021257
333291554
276250977
204503904
284172310
734214833
211295271
282368849
876636359
129967
25744042
761338127
243336630
561503601
133324893
585088151
379905961
176348865
673438956
939282550
357347915
1256586370
138759975
220008202
750379314
113774966
362241021
350717532
403279377
355257247
542744456
927708384
420928628
522642667
169386473
273821141
285035560
1041069051
227781594
305365155
128308119
25411236
154964295
959820432
2623449
433162222
849038342
551512971
484921422
777709556
163455570
367000589
220096953
213712913
636046553
217582761
171037160
296931775
532993773
311332889
410590545
164532613
345687393
408896839
214723191
173062713
195079588
559780339
482278895
720160034
639034515
688424008
158608912
172793240
409978435
242060541
276247144
904554926
182859785
609727636
502903477
311802656
156512388
535730411
408244061
216632934
234446802
2342274314
310769694
533543393
198607606
315436029
715789665
167167256
609759149
265167961
400918780
480670696
356748963
473979063
2702987674
1532765
11905759
435591557
367108357
555442034
254790596
466889295
160133649
454943226
175396492
1014477409
474220744
379843895
175942423
205894724
424635851
467613121
326725595
536255146
22693236
445584607
1446446661
170196844
1117550847
734940664
870266937
167473205
640333047
470719501
313462355
188961815
345614835
443737649
310060455
389935634
561234084
239453448
332757182
574915621
734783009
1052988994
208124288
480022027
456641763
394062496
484675111
169132572
566541155
307620765
597830088
319197725
418097558
7973381
1267383239
505393824
1006744363
311560453
323958698
671994504
221358216
1897625779
1318292451
400859892
267756877
299069785
1188387302
360816909
519262133
336897148
230596541
567108875
188512880
563829992
516158825
3248580
573183178
151804091
366851430
161752224
601277860
473489465
456100375
241739880
218410190
570444939
225143052
176411279
591397084
354769533
38499516
415656224
182879503
361110497
156550640
226125604
391922150
281654151
660945242
428611493
319022089
218009128
177117677
310628616
163014238
362096973
414206102
393451737
170725663
303099447
525001704
256721822
346857494
252143322
629384813
304674177
513206094
987700659
379720503
156366556
223554951
828653453
281505967
193966342
248397789
571112219
629516116
564134947
159600758
153331785
160768845
175176896
506384395
350260916
234510941
352427274
223721347
706194819
217057608
341009234
412926874
429003937
153471643
186728809
896192263
675003797
294466824
1146963738
508327453
222225829
182489160
716995362
196237964
1294661741
389942981
96959324
291904984
1061166829
241354685
522892303
260222087
156855394
432672299
490547840
199376473
787627482
1028092876
336199985
241465793
1257192734
513641669
166350085
740049976
256921869
306202055
398519799
298190203
154338569
609431363
361488620
407777396
743120200
605408461
675965198
223247378
213270784
441232562
560553698
420724808
621681990
316780056
622619537
361705744
211877005
244951732
256709469
168765533
355118411
1250868442
226653574
305285128
400852331
549902701
319419039
556321188
474461936
246840370
121784284
196384782
727331057
348131304
429528947
439925555
176038495
392616092
684411109
162260830
449910725
271913530
428994465
216880128
186925176
904437256
353211591
181364668
674027451
915330288
371657422
280604728
365413510
484867374
182355988
363415392
251733892
278688802
958282365
348610627
465889680
397964632
362077847
211260897
233219688
2233171364
188821737
268624044
361230338
763293978
291391579
489595484
253943628
186843721
272679523
676561212
152373209
313088497
566340622
398188971
239056411
250523746
716816544
226447799
1162800108
834536049
422184991
214578680
499733543
1128388369
939801995
259910456
186864064
225869292
235066874
154290578
156616042
202891256
192546459
217973490
350486351
263579925
493010671
452064023
71123351
538840342
481592956
418164351
984422306
371410098
242455976
276320599
1306104722
316372341
735983944
297340018
176858269
400215054
325117245
1864231
289867398
226115197
182293226
326947585
161210430
560918749
321521161
238017214
216137335
298053822
550277517
230481958
605411850
192140394
333472223
373444580
486174805
1385301530
435216149
598274867
338275229
159470328
369987935
291741228
625014055
428309437
297134838
289220669
587853956
157258861
490506021
183259242
550809781
37564932
202047055
728018304
96109690
555644375
170680149
340218673
1173738087
182811160
434716706
429675624
164986720
444616599
301923224
609930149
370244408
413573646
172867356
250741855
1054184200
252056677
600055705
1031328649
610040218
306332397
597239462
1190051043
268923767
815589973
244021538
496878677
333817417
417026846
545836412
590882734
665438289
330094082
813542275
291758247
264278973
11975555
275473784
410041175
300416333
639267470
1108299274
738858728
196319838
614863645
558497761
249678057
282465829
1193008747
405748388
365491269
352500763
890921523
101114971
281070140
448900049
237580344
988693453
348769868
163925022
228212574
409482377
423217830
439902475
284862529
49526956
294945529
537658175
101255285
176531808
304926202
406753028
211737785
316738293
275428568
418768685
347148770
610502530
701551871
228886887
600422475
276556932
204445156
284177609
734205542
268754878
224300642
685272133
217999824
760469450
244229285
428917892
265837324
585135417
379857606
175198712
673393270
941096629
356629770
1196915292
198564442
219949394
690440535
173978927
362273356
348154724
404887666
411379530
487166407
927311324
421830712
522032775
169442731
273793831
204428752
131089569
989917479
229367858
221567914
236681028
154569592
898530806
498016971
848642962
551407610
485720947
658973876
281460485
367036158
220695847
213043221
636223653
216958250
171221444
296329301
593430977
168554196
82926223
410440717
165148927
344771895
409733007
214075242
237094313
131148014
439705285
602400601
720187714
638950969
686575942
160528560
173328881
350792430
300485429
276466386
904542191
182431013
610193007
503141366
187140687
281292909
535443678
563565022
244133201
2394239712
310083144
534535438
198405916
314985305
658446039
225086948
609896743
264948445
400986511
480747464
300367494
531506028
960455452
137768924
1291299522
311259952
82045441
366942946
367223480
555356844
309962505
571394697
454895908
158913021
17173319
1016223417
472205884
379183024
176182845
206257669
424553014
466932916
327462662
431151831
573436607
1446207978
171148442
1116869839
735211171
870065795
167642911
700792372
410439548
313192552
128447680
406084710
443737591
310617510
388851102
624400648
176131959
333631019
574095259
735700235
1052772666
271335847
416798844
456403719
394264047
484736772
169108902
567111873
306406514
598225948
319353935
375335522
1503548410
319990925
1007075410
311238278
324050809
732638461
160596475
1965305334
1251778702
399748724
206235334
360205232
1187940226
416007124
465195103
215545809
351601516
567089098
188550975
563496123
458931531
634685185
151364923
367678557
160951099
600504036
474631635
455721973
241729547
218870180
569587394
227069315
173606396
756597377
66786831
162314013
415255176
264363938
279453432
155727971
227429807
393309271
279941922
755696515
242193106
92861576
317840025
218486786
177305896
310229404
163142085
303554519
472555566
393485662
170784950
184440918
643646106
256693285
346861683
251737532
693260127
241138504
512849629
989149392
379593692
155655384
251924215
103762728
696352946
280711659
310483618
133321683
635693284
563725649
564529923
157174574
156072727
160469130
174552992
506769678
232754390
352327939
352350557
223746246
705506885
333689267
224003612
413983309
429492771
208997056
130734883
951125022
620440960
293550581
1147372081
508347296
221522620
315128803
108584714
476457937
195326667
1295806547
262246357
310426517
205520685
1060876700
242780708
522120627
260194702
156924835
432906166
489551447
200722280
786881525
1028616555
334400338
243084801
1257151784
513342040
166734086
739733334
256939346
306181062
398535432
298155443
154404038
609349210
361980258
407763167
743034822
605366007
675886736
223354993
279185503
374862704
508393495
473564834
621425024
317045866
684132174
302714083
209095112
246099918
255156340
169269420
418867655
1185980264
227770235
532284631
173742256
550193925
319603551
555591441
475103424
194745218
173529397
196416095
727319943
348106220
429065906
440094894
177069940
391925239
683983680
162625299
721890654
428947989
216856073
187016412
904424048
353368897
181162705
674200454
1124752215
2877740
159037206
280597515
364633168
485111036
302316236
243313634
252514741
278323075
958254255
348635453
465894440
397934670
362080192
211340009
232727188
2233967819
188806292
268206401
361522719
763184987
291423166
489492957
253936878
187023480
272177919
676684567
152521312
313273052
566375953
398055101
239040855
250682761
841321473
101501621
1163106359
834907653
360263598
276247831
499725990
1128030042
940155604
259972755
186471231
225726348
235081975
154755794
192026952
188583151
198455785
209219615
466494857
157061234
489591813
409788332
113243013
538814743
480256881
419201217
984052158
371460745
243131392
276189391
1306157329
316403983
733566413
299804143
176605914
400423725
326432685
184031066
106116638
166057964
242636598
326941870
161247943
562755015
173052176
384275114
162607857
269291526
632545775
174525759
662194148
190908426
486141933
37848020
182922821
486016085
1385302897
436848049
597352683
338275647
527746529
293291744
624916843
428152835
297461602
290216427
586903018
158000575
512954244
160743204
428453868
159342461
202419337
665751005
158615238
554578591
171225333
340214017
1173784223
182822008
372427587
492690068
163922529
801491919
555031949
370686131
413164827
304075264
119069585
1055601955
251132471
601069374
1093308862
599957050
253792244
597307706
1189918795
328291142
756267091
243896410
496996815
332908625
418577206
418268613
832733107
551172853
328995716
813790734
292283570
264274947
133436135
153659268
411114484
299712708
760296605
1112299593
614108981
195055428
615803424
558452089
249221488
283177681
1192664663
473039641
298316930
632428369
596462791
397700917
447670947
238781855
986811438
1233629
348578079
163924785
227988122
470163338
362889993
439794722
334514766
295076677
480522159
158164900
176645558
304643188
407061069
211210202
316881020
276124296
418465984
346869159
610379454
701956771
228695547
600549280
276614367
204758066
283808761
733885792
212974418
280375389
684659549
371132249
608634948
243384718
428945964
265992628
585421525
379387286
175287522
672811119
995396264
365558763
1134279334
254811117
163285600
691086167
173341416
362572210
350473124
403052179
356367194
541744024
927672365
420902479
522752644
169413945
273479131
285341008
35144
1040450374
228302499
221394259
294541547
98297774
764457364
631166429
849141930
551523001
485481435
659325054
421453680
226808372
220056970
213531711
636451939
217006749
171132117
297189550
533408174
227856809
142521969
350967076
164558690
320619179
320437740
113545930
214353049
173450007
195160880
439604679
602444141
719689563
639423639
686756647
161054126
172846388
350493382
300730514
276555815
904393857
182286641
610202537
502920395
188372671
280234458
536032198
407584760
155228410
243628448
2462214087
242616022
534451196
198357944
315001480
658539337
225038873
609852004
265315051
400670327
480789335
299590393
531482971
845066284
253993405
1353773177
251271109
11716367
497175659
305702165
615025738
195051679
627012587
454486267
175808436
1014583119
473850582
607078857
154928190
545123964
346914434
326318626
431429396
573029309
1509675794
107686011
1117080817
735708981
869881934
254875352
553042806
471054924
312882526
128865596
405951132
599861084
153962458
390040742
560764731
355439308
217164735
574814037
734791198
1053056926
208164207
480010658
456446600
394613760
484287395
169213183
566409774
307088119
598206750
319433998
375705623
1317238565
505986265
1061439101
256865283
324273959
671620481
220922206
1898124753
1318509057
400593834
208365263
358123979
1187540082
416320321
521771287
159110260
351532203
567277343
189329064
562527170
458525953
634644210
151439132
1251413904
352284184
456181160
241007643
219171363
570480927
226752747
232448327
533716798
230906575
213674659
364137759
183232835
360313085
155683199
227579823
391900783
281587218
755289703
242778825
92528917
378683241
214085852
120293191
310703737
163168920
303580725
472001783
394017848
170748770
184415283
643109198
310947051
293066101
252046415
629468463
302655510
593814357
909064484
379729382
156641338
162980249
888974945
280887422
194701626
249339444
515287514
684478964
564032328
157637256
155223648
160284815
175642384
506102687
233448928
351717316
352023614
224100030
706234298
217453547
339576473
414356229
429107255
153054549
186207483
896623733
674962350
294505894
1146534959
508225225
222780514
357006648
199294596
343702027
195557087
1294960802
389584189
97046620
291960846
1061197105
242178417
708700531
73491202
156885318
432651295
490497045
199795235
787264018
1028654041
333888704
375404049
1125301795
513091583
291831335
614844499
257260182
305462344
398928996
298175661
154338006
609431990
361064113
408667756
743290492
605046961
770451510
128825631
156008374
498046316
508452436
473265260
621657632
316832111
614615572
9740169
359918076
212023072
245292665
255867714
169745251
355161050
1250292837
164183048
367848669
400788229
549639275
447591957
428279815
474666002
194661890
225743153
144453480
727281381
348130423
429116947
497038870
120124872
391101361
684839145
162360097
722436012
428589810
216905102
186987420
904415307
353378848
361381938
493594167
1004705692
282469007
280575863
364673802
485668375
182702915
362904793
251663265
278922495
958254982
348369788
611608627
251961079
632851234
174127797
2233173891
189306857
268244480
361148318
763490618
346524167
434543861
253698106
246622342
212573648
676864104
152585365
313265996
566120099
398105977
239031101
250495158
716254740
252211152
1137453450
835601117
360081326
275745119
500415764
1127562388
940182336
259982414
186455176
226198727
234630884
154804438
176419830
204485798
192177595
218249528
349475295
264058418
495922095
409208575
45331352
606953138
480233560
483520471
919765765
453851731
160748024
276247475
1306508619
316113918
733345641
459376681
17063085
400965512
325024088
290978024
166058345
242660362
326962123
161293842
561364791
174415692
384201843
162512141
268964724
690503827
116516715
662854215
191774252
333470137
372846553
485966330
1385943041
435313749
598320807
338268653
159399990
423955192
237554970
754767483
160126
298350098
296681056
290837506
586739795
158129738
336891145
336405323
428628120
159406766
201986144
665421836
305117779
408815165
172478045
339152165
1173557638
182768355
371997521
500417543
49964263
106781496
444383869
302316013
609889644
311931936
531441598
113451168
249945950
1055573554
250882553
660426917
971483227
610101046
305725732
656605305
1131180471
268967424
757595380
59887884
242088853
497464973
333298771
417510356
418456829
717949263
665738524
329036557
814414791
291079642
276601589
274866981
464220762
245249609
702999574
1046168088
739406835
194946427
615842093
558505367
408345244
123729702
1193331670
405826308
365437724
352490982
890451788
44446836
338818573
447991983
237453352
989398919
348479708
163986488
280749339
357065079
423336889
589630193
184534420
294916694
481139271
157666481
176719978
304593743
407084945
211968895
376103671
215740240
558762278
165219290
41554405
610786625
701335671
496416234
332914999
277955050
203184116
284506144
733909742
211297687
282597327
684678679
217625063
821005643
183693225
429133082
265867638
584947080
379903689
174173097
675393683
939392112
356967361
1197378482
198411789
219898380
690893439
227848965
307707257
348434382
405571174
355241231
542988095
978909132
369416218
522678707
169423571
273778200
285118110
1041020301
227774697
221491650
237607494
155065120
764128837
751345950
729285473
551441453
485490786
659322520
421434067
226894216
219991308
850090425
217056049
359253758
230587006
411751184
227553312
83354350
410536176
164569481
346525416
408230631
582867492
439854550
601765980
720630142
638842423
686846454
159446616
289127738
294468600
242026088
276256339
904695931
182353353
610096226
503013177
188255557
279983493
535739987
408186824
93231485
305952252
728227826
1733634090
304716469
471713715
199073575
314888627
658559275
224999397
609845608
264578324
519022445
485736448
177002443
531436960
845097158
309833001
1235402767
312249892
13497786
436197404
368114262
553639674
254814948
626561765
454958931
158898675
78815817
952768455
474436139
555005003
206732631
422895808
468238624
326732089
431449228
573574870
1509177843
108273364
1155559386
17135138
810479327
738889648
167388562
639714323
784802646
128769664
406123922
443482969
310119834
474779345
475685461
240027784
332915615
574976445
734199857
1163320688
98219656
479651767
457000150
394030731
423752349
229649393
566855361
307126816
598189797
319607461
375636964
1317183357
505981357
1007031976
311261262
323952783
672396959
220949565
1896183658
1565089915
155498224
206158108
360354953
1187770694
362107021
519081002
215671363
351531349
567054405
188612310
563490458
459193556
755255293
30490127
366884896
162420284
601530448
472895047
455437074
241472987
218930784
570557260
225017393
179283740
587619710
165439119
228823605
415611410
182924809
360662575
155725694
227501617
392009708
281454008
660985573
337189481
92432607
317491769
218533886
177139994
310248433
164260976
302926972
473027238
393004002
170257009
242501284
585964617
256718759
346915934
252109148
628430745
305613858
513230699
988866844
378648505
156621237
162861066
889181505
280787301
194592155
250230976
517221041
681653657
432882641
288769773
155480922
160479715
174762984
506521663
291152446
294058961
351893898
285406358
644857691
217503701
339554133
413696319
769999490
895749121
674967683
294586832
1146462485
508455875
221936174
183033674
783155225
191560728
1233587212
262438855
223331673
292788201
1060420187
241991168
583269219
199232437
214460347
375248357
492130794
257661428
727906660
1029535821
333515710
242494951
1378265396
392784941
166423799
740214361
284191092
36906060
302216985
338735852
297436892
154408899
609385471
361943652
482709951
39844852
628211389
605199569
538851410
360504709
155658492
585515219
420995168
473524764
621649454
316819414
614379481
9878043
362718417
209277040
245926499
255190023
224395076
300727102
1249234233
164963233
595936086
172632103
549835044
319398318
556360273
474613719
246671875
121805975
196473527
784207906
291171718
429106252
440398807
175892356
391908037
684833534
162608718
449835748
272031978
428604001
339675944
128071183
840795242
353412303
361315763
493990302
915174133
371744682
280802487
364053086
573937396
94718242
362927137
251844802
278758784
958243753
348627328
466101988
398386638
361407898
210887265
319457469
2147160297
189360388
268067260
361269174
763503001
425628123
115691204
297567372
196205410
246177376
212573044
676912899
152318274
313256455
566346827
398101101
239063295
250457687
716448547
226624536
1163073813
834864873
360271101
396422758
431034706
96649239
979860505
939814254
312425443
134577875
226361788
233841810
211468849
