260944335
246639
680126973
156349991
1537283421
1552716675
277191826
348757670
920469529
641848688
1710764124
242327442
2686200205
830581726
234509589
292269674
403501049
589068186
304438589
733165274
275638046
2358771214
183653082
285322740
531363608
339399508
17981940
839447916
452782579
636177854
2087954160
162540892
1568404216
553191469
174663260
1019925801
2414408948
197578088
459462822
1294723637
526293371
1188990632
827929853
157518886
962600962
2646365969
156129206
190166007
163297259
2340494845
1808335000
449027092
1590264676
167137525
164157622
2259076968
190177428
706758931
1811811919
161396013
211581931
1698923912
382303782
240409455
612372598
224175221
210457715
351842247
254067660
1249295314
1057629909
1341522277
2265111963
52251388
699304105
191139915
1208357139
291406315
1247184107
863850234
2169530046
323185710
549259441
813700284
1061201590
163564927
400887138
686183674
835345547
385514079
219955473
300783259
163184250
634661291
542737725
872162398
317521530
1219852610
535089769
472664320
1050536168
178108352
661242209
1425342236
2172895390
235727757
1820878084
292225673
3547437505
1316859567
349292736
380573116
2177328085
224273745
2473336635
520920116
360244985
589676367
284028267
2310868982
840592462
764649785
855728137
412267918
391049560
1920826109
1068391175
747913549
850377181
779337233
736066809
1754907395
260804814
1272575833
215894118
242976614
273396513
267616154
234049272
339001344
4046199518
306209017
1241043198
1707224749
634990633
327941641
590248791
2551136506
2205960357
836024894
216362772
784329580
2379551254
1825028353
422515171
3743115658
1166000745
461077495
167399860
212662829
679559068
586795315
650890861
325906435
296843160
172826153
793261371
1142002135
1173214074
641517925
2461997186
498479649
527702288
1111563590
270665671
413637071
1161536484
1239327921
1378631113
888328881
718526169
2665283164
1308593714
367401223
1757112
805103028
470584219
50070949
1473811801
504243756
1594294816
1160424371
1343909563
1063074504
585791671
447567958
2310906721
1301407350
559430439
3354441173
758750722
1401715916
2052565664
423061009
2307211753
226117989
1781274899
1569768871
549816485
4128643621
1556326426
764811789
186661440
904158924
3439375816
467318476
204401730
1146689007
1546877687
1738677362
442858692
447892391
183626279
164636654
506406813
393531410
495087875
342449573
1660446795
775978114
2255475930
418671550
1633909033
317410506
101533206
179204167
984653964
436380233
1696609294
1945237284
2752079304
845239204
2052532387
283841178
497991360
448268038
1814025559
540854664
656003591
228092138
734841066
352794995
1725528992
3256978157
244165519
204525670
2274457620
1010237551
1338396726
155730847
3508899326
1538377086
488489301
156982801
175816142
276525291
159658710
2364851534
181765837
431187259
933357493
712500821
1118880880
178382219
1092523069
725533300
424921215
260931621
165883512
606366443
1188134651
2006972003
2246003555
385435781
433720879
1189639615
501327840
236666579
1845516105
812912274
1826034061
658409461
692104724
2233982652
253612299
1361149367
1218997874
605938999
912247386
1451085290
395376889
474801394
942230865
602076315
1914135447
231488230
258760836
1297696241
1600773005
264599391
1297687449
1051998223
154216593
583580223
470808208
468973903
2325315872
3469180173
1892093450
153142726
265804283
688489421
512267736
280224883
200397649
828666825
926874792
542324706
268240425
2431768678
359431288
961186598
319347097
279623513
800284740
667700132
519386155
209432251
320275912
980643552
1459770682
4016530756
822897011
1324105174
159205292
1638442946
233201166
163312423
222330081
342286574
1051790872
278945525
526010050
872949378
198516066
741608801
156487665
1654979409
1435168424
276596607
433598303
837319309
640556176
1710598923
242543883
2829546439
686935601
237706566
288391335
535598271
14136523
443656737
305545618
732018273
276260520
2358685397
183247699
282962895
533727917
203944243
152571681
840806437
452264273
636282617
2087835452
162916799
1567951065
606542812
122236254
1019191767
2414449972
197595101
459225339
1294026859
527406574
1189337109
827361419
155405805
964502721
2645819273
158157064
188393598
2594746
211580830
2290260942
1807927234
449229717
1590468029
166021588
166160622
2258236820
340515062
26029504
530329709
1812405791
161366567
209553017
1700270164
383203046
240589886
536768596
300088030
210091349
352122074
254147439
1249198685
1006405639
1393548363
2263994697
2150969
750210164
190710078
1207643048
290667704
1247999353
863843982
2168587570
323904228
549232716
813906449
1061089788
163263658
402638882
684544349
836003338
385035519
219885690
300851488
163934963
633755566
542207120
872833698
317381874
1219858879
533820261
613534501
911167429
177915834
661442218
1425193675
2172817923
235766478
1820307744
292869370
3547516787
1316989328
349160514
492527028
2065656767
224405711
2472937627
520920669
360181881
590116699
283724919
2310766719
841032509
764268263
855627104
412098097
391616217
1920071784
1073174869
747952257
851310831
778008213
794604862
1695949630
261477205
1272470790
216113950
158885801
357476572
268579028
232885174
338541795
4047108291
305769413
1241029022
1707344472
634979327
327901459
590298938
2551161077
2206053611
836010720
216535699
784111323
2379604811
1824838498
423154475
3743405874
1164351221
513349235
116458137
212251410
596055436
670419934
651162655
325531858
297429624
172163942
793448208
1142107275
1173102884
641663150
2461882116
498511061
529312148
1109986700
270652880
413685053
1161754018
1239443331
1378920105
887910226
718229593
2664953621
1309110720
366971428
887711875
239282327
1674023629
505119820
1596375422
1158411557
1489337051
917731647
585133546
448970537
2310116890
1301416999
559443121
3353710710
759750576
1401324790
2192029759
283977485
2306496598
226518322
1781871155
1568248764
550778625
4128709260
1556129807
764995151
187162799
903675267
3378045209
528422362
204858167
1146614501
1546986733
1738479718
443392028
447579811
183525291
165574222
505022396
393947643
495078081
343853798
1658980763
777085840
2254228010
418863065
1634550966
200062612
220955323
176953429
984993244
436017641
1697082885
1944810488
2752118876
758328133
2223501472
200168972
414525392
531195898
1761391300
592590925
657540093
226798231
735358030
353911870
1725007784
3258648272
242601862
202388261
2329005364
957732371
1338423397
155675783
3508986928
1450590428
576615692
156561029
175769440
195399301
240989998
2365136892
181686538
430990428
933354758
711783088
1120093521
177752753
1092617762
725513433
424897729
260895336
165900774
605843668
1188508596
2007045583
2246080509
384905964
434323429
1189574629
501448557
236626030
1845269963
901190010
1737923423
659207687
691198406
2233209449
254749186
1360902279
1217021699
607338143
836465228
1527464844
395271654
474908873
942252953
602075122
1914180313
231693627
258605001
1211836694
1686560163
264702069
1297599793
997278333
209304014
583201021
471727472
467502291
2244258867
3551011051
1891998912
153151371
265867380
688485461
361686180
430934759
200405262
776678271
978978044
542095483
268335641
2431828533
359503135
961109852
319327962
281054796
799332767
667445659
434353994
294474348
319639765
980737194
1460326018
4016614256
823157605
1323915392
159170877
1635937645
235574078
164976864
219756882
342732724
1000950087
330336910
526053957
872977691
208594768
741156845
156603576
1480199696
1609914257
279236831
346486124
920003562
643188750
1709652535
242716143
2685909069
830746654
234488729
292176664
403524170
589239251
304190606
731984710
277269139
2358024978
183796995
283182936
536020143
201615791
152615533
840096980
452960029
636208057
2088195801
194459698
28209248
1507846082
553863241
173990910
1020072792
2414535478
197663959
459194598
1294768747
526202159
1189867500
827253590
155820529
964298699
2645827726
156526270
190285266
2103774
160710564
2341592746
1807884265
449127612
1590341489
167237989
165520070
2258158679
191850987
705123313
1812336982
161400178
209894971
1700552986
382627957
241014041
536725894
300125013
209561550
352127162
254276258
1249283809
1006318178
1392725801
2265110486
709835
51938
752338018
188592301
1208846898
290504292
1248019152
863312872
2227286214
265124080
549867346
813853525
1061215002
163310989
402759346
794248944
725277912
385662679
219514106
301552978
163645267
634402147
541544662
873473388
316766541
1219884672
533667474
474281157
1050548218
178781197
660771458
1425089663
2172820194
287090917
1769163222
292720435
3547549120
1317017873
350011625
379632926
2177554273
223725111
2528802470
466440934
359435017
589675412
283328284
2312218698
840035659
764667854
855746882
412194190
391014432
1920457109
1073191932
747894088
850436122
899956300
77516535
537684500
1754144438
261998401
1272295658
215941559
158762793
358925114
341184238
2917158
156524977
337853521
4046584048
305647599
1241111792
1708384170
634440616
328586503
589921523
2551387419
2205555587
835979035
216367040
784039275
2380347543
1824386877
422512358
3825523952
1082506322
842959260
595658341
669431096
652329138
325363601
296986507
172701598
792683484
1142634729
1172788043
642082310
2548050028
412200498
527717944
1112324115
270011987
413486513
1161461083
1239527423
1378691061
888591715
718252480
2719394758
1254661417
361187589
7750483
805195694
319729264
1673984228
561819618
1537095028
1221511927
1281503515
1063206025
585028611
449282524
2310388787
1300774852
559887483
3353212853
759347481
1401804363
2051960469
423919438
2306644490
226541251
1781167481
1568959381
550792071
4128518613
1555465183
766128870
186336047
904064983
3378519880
527920243
204865226
1146634953
1547053135
1738682644
442697309
448117457
183543567
165450073
505163115
392756729
496345830
342387480
1660450537
776133514
2255071167
419056537
1633695179
201891985
219945748
176876444
984949548
435980710
1696762109
1945295532
2751984313
758356732
2223551394
200048757
414446590
531326248
1761397516
592603103
658162138
226109311
735688564
353287954
1726714130
3255410940
246041931
200979483
2277403713
1009255749
1338184230
156732761
3508116475
1450568006
576283139
156975316
175854941
195368374
240883828
2364696158
181831877
431327494
933337935
711706357
1120164634
177314787
1093140307
725500012
424938831
260861250
165819603
605722073
1188513453
2007444881
2245811596
384886271
434315378
1189559810
501214684
322436222
1759743006
812953436
1826057766
658387866
692435215
2232702287
254933744
1362190444
1215620862
607153166
836644752
1527351388
395212649
475075059
942158973
602040874
1914199693
231286884
258993696
1211897665
1686460890
264645315
1297689937
997282314
207361328
585015262
470205410
469509458
2243059763
3551474675
1891933438
343540346
75763259
688227156
361575677
430872123
200389571
776556070
979178391
542619168
268277547
2431187755
359672214
961001478
319749937
279455453
800422283
667488985
434356107
373097341
240806507
980849337
1460305436
4016635686
822700755
1324100883
159388106
1636160280
235349872
163475111
221232752
342713261
1000407511
330870896
525992814
871961418
203545052
741336290
155935603
1481181872
1609361492
279394744
346261198
922172052
641381527
1710238730
242135543
2685749290
831358644
233877318
291422843
404677993
588946600
304400020
731931919
277320339
2358188774
183717916
283094866
532847245
204164687
152219782
840098965
452925408
636200456
2087879082
162877711
1568230855
553129458
174579594
1020029914
2500694680
111515524
459505116
1293874867
526942120
1188962096
828192393
155947368
964102082
2645735184
156714402
190348192
946061
160793821
2340828099
1808745961
448970750
1590856299
165859289
167186352
2257396548
190618878
706088901
1812379811
161119269
211532222
1698506598
383195713
240643440
537523578
299936395
209780947
351812438
253800974
1251197839
1004948159
1392544902
2265316460
52194051
701150509
190090677
1207984800
290336695
1248059036
864531163
2168028204
323126957
549525478
814400343
1061015963
163444264
401030770
686339480
835028550
385612879
220618313
300178150
164017401
633729750
542271142
872656866
317185712
1219892930
533829589
474145805
1050594845
178203554
661434648
1424708043
2248258151
160445574
1820502998
292812318
3547488708
1317149569
348906384
433455411
2124635880
223956833
2474870367
518976518
362042982
588249124
283428865
2311336128
840723850
764983469
855420374
413036680
390213361
1920602050
1237660758
43097418
540181753
850368177
779164291
736241441
1754764928
260907724
1324281167
164478617
158791513
359246205
265677688
233954714
338663533
4046591384
305669472
1241140276
1707870941
634904510
327880613
590285448
2551234809
2206353591
835446526
299766334
700994793
2379780841
1824925367
422587502
3743049106
1165075781
461346011
168032750
213328783
595592257
669456094
651978721
325745736
296689746
173611014
792139660
1142029461
1173541234
641732621
2461879547
498464267
527816613
1111499016
271101634
413302083
1161328777
1239977827
1378108051
887139263
719676936
2664946999
1309204142
361587381
72709506
739918200
319766173
1675038165
504085509
1594228759
1160924628
1343723265
1063234191
585059198
448088428
2310977932
1301416111
559370042
3353788608
759413727
1401758564
2052081244
423826839
2363340913
169833897
1781208711
1568886736
550706773
4128683184
1556255216
764956387
186889450
903968417
3377721272
619940851
113586636
1146139550
1547586484
1738949133
442416255
447169874
184301398
164477057
506134043
392693975
496664489
342349162
1660868996
775654302
2255286992
418768430
1633744109
254328348
164971388
179221964
984427737
436573884
1696579631
1945218869
2751997742
758135926
2223677808
200073911
414510160
531242527
1761478836
592617763
656490607
226982750
735459951
353305722
1725617695
3256680095
244371795
202487853
2277704774
1008490255
1338945787
156547864
3508121348
1450512481
576148538
230439978
102174348
195749742
240550864
2364781924
265472014
347546306
933370158
711672169
1119588525
177997687
1095518980
808615421
339577726
260631384
165844004
605804953
1188568950
2007344975
2245877118
384841846
509187929
1114656050
501338042
236943221
1896121690
761977931
1825833028
659471627
691206694
2234228724
254675420
1361634642
1215210792
607265473
912757221
1451726809
394843524
474898673
942109207
685386924
1830789039
231390304
258879517
1297577554
1600806450
264710450
1297606880
997843794
207002650
585034343
470971138
468166958
2244312860
3550979813
1892051781
153118482
265839605
688610909
361614104
430950628
200181544
777293992
978726389
541915507
268970983
2431327490
359420340
961123927
319231135
279895698
800177367
812888033
289364596
294348515
319609474
980845443
1460586089
4015854675
907241409
1239962081
159351805
1636243259
235405022
163847662
220422890
422766100
920561675
330448096
527008287
871377089
194873591
741411202
211221033
1425740950
1722877965
164157767
349018385
922039048
640209293
1710716420
242717673
2685881599
830660834
234564831
291392546
404547100
589278063
303664468
784407832
223699753
2358886021
183772037
283294129
533755869
204228272
152191343
840144404
452442132
637534821
2086853570
162473060
1567807929
668045862
60384949
1020247150
2414289838
197877482
459172706
1293860180
526963438
1188968884
828668832
155711267
964006239
2645689721
156738627
190460771
1293168
160608373
2427662992
1721952774
448888086
1591144669
165463620
168414898
2256572976
191897678
705004137
1811936186
307310425
117615877
1646554581
383156693
240657722
537847819
299554884
209704595
351880596
254487108
1250452920
1004863446
1393891164
2263939875
745834
90146
753257431
188575986
1208673546
290424419
1248085952
863760205
2168783571
323264564
549358618
815935720
1059531228
163349493
401188954
685895166
835038538
386275208
219596666
300775690
164147655
633288303
542690537
872668656
317459138
1219987245
533753033
473806404
1051005113
178278411
661334784
1424845512
2173053972
235615869
1820471457
292695897
3547534893
1317132681
348912675
380646027
2177224819
303517120
2394276452
520856196
360354496
589581995
283431921
2311397058
840686163
764627248
856088275
411880382
391071607
1920545698
1072701385
749023121
849358885
780140068
736047386
1753706186
261220558
1381777256
107221440
159237035
356391042
269272968
232638898
338602405
4046602482
305716715
1241136015
1707876745
635213754
327523849
590071111
2551983500
2205465646
836326263
216012498
784543745
2379942544
1824373469
423054535
3742663723
1165157253
461742669
167559943
212752264
596182978
669386855
651953860
325798095
296876757
172779207
792790804
1142452513
1173209851
641721702
2461886350
498471992
528090514
1111201317
270377999
414043781
1161328302
1239371891
1378717350
887384685
719477134
2664904378
1309127734
360954341
73290734
739965288
319734333
1675147237
504418887
1594063449
1160245313
1344483562
1062915471
585005847
448126147
2311024986
1384985785
476535409
3352803053
759242886
1517242758
1936643469
508019174
2222395219
226001449
1781897691
1568772855
550335393
4181354337
1503794279
764917051
186801713
904343619
3378189377
527913225
204902516
1146746399
1546908518
1739043848
442887942
446236689
268142284
81155148
505998504
392949848
496175154
342417989
1660361344
776243252
2254826982
529571136
1523476712
201695678
217216264
179685299
984449287
436685411
1696094587
1945765484
2751829843
758233090
2139333982
284441165
414468514
531331236
1761396324
592131270
658647324
226209522
735481857
353144901
1727243396
3257225989
242269134
204437227
2274468188
1009493329
1339014109
155721325
3508881119
1450499073
576225446
157599974
175173202
195421601
240911797
2364786749
181708062
431843957
932913727
711815458
1119457645
177893720
1093015575
725250727
565417430
121638877
164928322
605746779
1188831927
2006735085
2246214941
384920697
434255118
1189516491
501383647
236426419
1846262999
812377532
1826288257
658085576
692127322
2233103253
255067133
1360574846
1217369377
607032550
836609584
1527081281
592612718
277865692
942196521
601941353
1914229671
231209035
259234687
1211566937
1686575549
264395306
1444988236
850673832
207203559
584818953
471028980
468091945
2243793968
3551256842
1892323415
152762946
319292376
635369439
361637461
430921211
200414938
776760679
979185141
541622089
268398915
2431854466
359495739
961021908
319361773
280012860
800404163
667330303
434164521
295261543
319039875
980658787
1460819003
4016329458
822682651
1324529180
158480827
1638799282
233465012
163906626
220498564
422719504
920995113
330269234
526790193
871023398
201220683
814712455
83650310
1479889682
1610113018
276885562
348860999
920449456
641907646
1710698012
242747387
2685861829
830662214
234144328
352170731
344239986
588877029
304370337
732155766
276472981
2358832211
183806190
283188088
533741804
213381350
142781514
1015993907
331506192
581554818
2087845564
162274822
1569731135
552734905
173860875
1020277645
2414397197
197144240
460706605
1292982265
527385545
1188590778
828062587
157358351
963061655
2645605004
157037128
189171471
2655873
160857679
2340878117
1808279159
449764251
1590012463
167136138
165499843
2257735833
192457992
705000450
1812299218
161349408
209947313
1700117714
383047343
240670534
539114233
298570903
208691543
537574319
69279401
1249410828
1006222841
1392753872
2264670899
754649952
188433507
1208958979
290274696
1248021077
864834513
2167724285
323330138
549701746
813361502
1061824290
163353561
401274920
685730132
835360734
385641736
220716602
300557681
164526276
632712126
542409159
873505837
316657896
1219979728
533733080
473748937
1051169823
178224619
661411430
1425744772
2171959801
235632500
1820511016
292697243
3547605503
1317105465
350032809
379162314
2179153861
222653106
2475398262
519720281
359433959
590069120
283072770
2311061219
841441446
763859592
856331463
411921720
391380516
1920165852
1073056546
747590618
851919599
778018911
794376905
1696191338
261341069
1272675749
216311360
158547125
357417109
267635878
234005750
338722679
4046519230
305744899
1241033601
1707336983
635609145
327575204
590156113
2551939288
2205646872
835751210
215834672
785019508
2379041203
1825036823
422705895
3743181631
1165142804
461847210
167485249
212706891
596174892
669437061
652342115
325381302
376537051
93075192
792810844
1142557236
1172577366
724103162
2379331122
498533941
528271599
1110664425
271447566
413382083
1161021207
1326085305
1292195392
887403036
719442499
2719324508
1254778509
361161689
73056254
739995793
319723215
1674015186
505138822
1594733691
1160070867
1344016657
1063367717
585040852
448021951
2311094391
1301267129
559342710
3353850224
759688408
1401827919
2051751676
423802349
2306639697
227761582
1780490414
1568157645
551573780
4128062311
1555367152
764079702
187047981
903717376
3377985413
528434783
205903449
1145583418
1547100124
1738978700
442363667
448031764
183560342
165530850
505086679
392649811
496891208
343268293
1659859352
775976923
2254490409
419113841
1633910278
201737166
217401825
179172559
984929658
436376235
1696285974
1945687418
2751779252
758177330
2139320070
284399190
414426030
531302030
1761652569
593746271
656012176
312146488
650365807
353623099
1725267545
3256795031
324795926
122058116
2276747222
1009515097
1339166490
155639386
3509765746
1449424886
576281852
156936878
175887950
276375369
312051044
34563356
2177915593
182022359
431042699
933422374
712330571
1119566415
177029050
1172279384
646357270
424927068
261117028
165761177
605725573
1188785724
2007137939
2245840111
384920133
434482003
1189325160
501394219
236613863
1846157783
812283230
1825901298
658514089
692166583
2233168374
254894573
1360655841
1217255282
606425653
837626249
1526795312
395339958
474934993
942146827
601968489
1914247493
231280216
309474906
1161355538
1686841657
264276667
1297703970
997808869
207193136
584818953
471072242
468130284
2243810422
3551427079
1892189533
152912301
265328670
826594264
224310099
430592844
200463946
776907052
978990202
541793170
268112793
2514672673
276900322
961051000
319337220
280317114
800103144
667401341
519168324
209613050
319658475
980710553
1544091512
3932800296
823097120
1323901745
159395467
1636345340
233615762
163135253
222103187
341751140
1000340088
331383313
525608356
872352398
208757291
742023580
156882598
1479980457
1609864782
279411212
346364524
920391501
642011871
1710682844
242755285
2685800368
830696756
237734111
287673868
491627217
502319107
304270266
731864907
276545230
2358805418
183453247
283684442
536028380
201994779
152125072
840096856
453032234
636143530
2087848202
162461037
1568593783
552995525
175808437
1019198774
2414721338
197880171
458771074
1293707175
527599393
1188565075
828164190
157360117
962123328
2646368272
157044855
190441117
1468801
160791375
2340944798
1808662792
448977623
1590468047
166311979
166484775
2258273784
191866463
704962842
1812198768
161699302
211224582
1698932627
382335294
384623777
394457888
299612399
209424692
351881259
254301991
1330869663
975662331
1341111500
2265768462
801216
166842
753101238
188554146
1208898369
291040324
1246778026
864451320
2169163255
323137793
548954405
814306118
1061439736
225284676
338299924
686905289
834943387
385603327
219843672
300514596
164718552
633319578
542326818
872278737
398465040
1139595443
533512189
473771165
1130021548
99556022
661224409
1424838480
2172898752
235576230
1820468917
292756269
3547556107
1317676005
348500879
380605108
2177555789
224326523
2473101059
520871246
360345638
589421845
284102476
2310734987
840427190
817063285
803321138
412322667
390943587
1920627093
1069991813
746464248
850539204
779077436
736188378
1754433340
261362254
1272611515
216356090
159302234
356641706
267377297
235050946
450921750
3933544982
305712754
1241369404
1707600131
634488653
328195608
590684370
2551562835
2205321318
836010828
216507831
784034844
2379639924
1824990900
423105901
3742217606
1226762005
400734286
167460496
212722992
596250575
669382078
651491165
326553976
296508316
172773229
792413175
1143904956
1171552481
642159006
2461643422
499045175
528150611
1111560584
269880429
413819535
1161289005
1239404617
1378709237
887405606
719019743
2719774754
1254763168
361188446
73023311
740049174
319704442
1673970524
505177856
1594866642
1159893907
1344499902
1062897654
585015503
448067205
2311072266
1300859131
619902918
3294359941
758653399
1401760113
2052129550
423805157
2306638584
226583074
1781346130
1568880622
550665885
4128608988
1555435916
766149119
186743355
903841903
3377919558
528422512
205032094
1146506487
1547101837
1738503350
442854892
447484442
184057883
164581199
506033834
393036670
496123695
342605349
1660099029
776406464
2255225019
418780238
1634135922
200257970
219004867
178615089
1069788886
351883504
1696237766
1945711175
2751804900
758120609
2139429209
284302906
414292315
531901336
1760694525
741498446
508742845
228380361
734658849
352804974
1725581844
3256791606
243802164
281559173
2198210940
1009836873
1338509680
156588931
3508057448
1450528392
576244939
156968747
175860976
195391209
241186010
2364276353
182244518
431063796
933470245
712346168
1118981939
282590215
35304899
952789018
725747548
424745457
261153365
165839790
605656559
1188940082
2006566421
2246331884
385046813
434061267
1189346875
501892967
236572870
1845173098
812986477
1825994434
658467163
692090770
2233247565
255048985
1360525968
1217541764
606763458
836720567
1527185936
395636465
474735912
942158197
601985905
1914199635
316417369
173707238
1211968087
1686502017
264610917
1297698759
997852907
208749204
583256688
471077463
468083460
2244316252
3550936146
1892225706
152972983
265790039
688794993
361482748
431033244
200368623
777116328
979250530
541353737
268344741
2431930594
359028168
961711976
319075493
279819349
887292987
580225229
434720737
373486239
240487632
980765458
1460291551
4016737141
822507186
1483881599
1636618728
234248939
164401222
220576533
342630024
1000585170
330727011
526006411
872899855
197489898
742187649
156715700
1479964830
1609924934
276903127
350323188
918910763
641868900
1710783199
242686842
2685874113
830716128
234327202
291414999
405022486
588507818
304633048
731906875
276566015
2358808569
183747679
283414478
536025913
201971651
152673690
839075723
568684970
520851579
2087745060
162428644
1568639374
553072422
174782909
1019499892
2415433252
197403255
459238394
1293918160
526959933
1189137523
886842750
97156832
966285060
2643520959
156970173
190716441
161910049
2340918487
1808422389
449219059
1590503564
166495584
166306912
2258085972
192047486
704969137
1812239203
161294354
210019230
1700117181
382971128
240749133
535784797
378155654
133342140
351633888
254318960
1248492209
1007177886
1392685909
2264985083
1129025
154897
752038436
189399414
1208961800
371147382
1167254957
863651950
2168655968
323412386
549330980
814428324
1060488166
164507534
402307679
684192479
835957583
384957487
220043462
300686782
164656135
633171211
542395201
872663938
317432699
1221647156
532168494
473687233
1051113578
233862632
605971766
1424727726
2173051989
235496767
1819985985
293606595
3547153220
1316401840
350711449
432428235
2124679847
223833608
2473047654
522243436
359564360
589485695
283528405
2311365018
840647639
765051459
855337220
412336790
391321580
1920249119
1068471404
748011159
850497134
779103370
736188632
1754368228
261788325
1272353864
216239794
158535103
357369183
267661171
234188055
338390843
4046672410
305682433
1241332816
1828308793
514485614
328422463
589214354
2551157687
2206227953
836020970
216450710
784065166
2379589425
1825187166
422411350
3743177475
1165252964
461025297
167963074
213099684
595788021
669408184
651895292
325844036
296877968
172796867
792814803
1142502867
1172667281
642216784
2461773479
498518422
528464813
1110806429
270646486
413860055
1160999891
1239401798
1378924677
888567836
718271660
2664846041
1309302859
361185074
73065769
739973125
319713574
1674002310
505659685
1594535917
1159743853
1344013595
1063432585
584949007
448137034
2311113781
1301221227
559070459
3354880684
758536515
1401852651
2052572507
423732581
2306014092
228067236
1780571900
1568348359
550647186
4128691050
1555561733
765691650
367632902
723048320
3377991967
528403642
205049546
1146638177
1546937859
1738547808
442825363
447103482
185049176
164137455
505600394
393588199
495893211
341571940
1799982242
637396510
2254796357
419226071
1633808183
200541266
219005380
179067908
984399144
436963507
1696578205
1944359977
2752883377
757917606
2139504739
284241538
414477651
531282549
1761443167
592669707
657422275
226130237
814836963
274771320
1725745024
3256762338
244118512
202636023
2277689045
1008532111
1338955813
155896265
3508738925
1450610745
576247947
156985374
175870721
195327883
240861613
2364888143
181449805
506168846
858811169
711656027
1119671507
177826837
1093037432
725502293
424977617
261165437
165877329
605624522
1188427546
2007083643
2246307850
468175272
350905946
1189799092
501118392
236655019
1846230648
812427967
1826145525
658111054
692509697
2232741974
255140605
1359903167
1219888405
605038229
836089000
1528420136
395036411
474295467
1019245221
525319496
1913808689
231756134
258807769
1212013192
1686130878
264995710
1297654450
997018969
209527936
583288473
471107506
468747004
2243060616
3551440287
1892283334
152893457
265860067
688623166
361324366
431278326
200428060
828568946
927374754
541502764
268804770
2431862586
359325676
961355283
319089863
280513311
799823767
667433596
434392518
294451234
319730351
980727472
1460269318
4017171038
822498181
1323935732
159592272
1775699755
95913332
163909910
220619160
342547042
1000499986
330796302
525600801
872780330
190543931
742086006
157106228
1479714195
1609079515
280008413
346450855
920435431
641401241
1765055523
188049925
2687184503
830059554
234468163
291337404
407586630
585473053
306060536
731061686
276517609
2358485378
236387437
230239601
535518239
202884959
151969902
840090554
454070089
634372012
2088768411
162531112
1568406176
552954167
291465508
903593291
2413963638
197996937
459186668
1293800363
526893644
1189207425
827958292
156400058
966051609
2643404005
157397997
190014292
162372991
2340906096
1808410090
449233341
1590524648
166507102
223814849
2200523276
189715567
789820896
1729576915
161206854
210121597
1700043560
382994743
240711282
538203414
299608409
209609413
351714088
254301289
1249280723
1006320611
1392668406
2265147442
1192653
152250
751984960
189309098
1208947949
290151029
1248018792
864034257
2168623178
323350710
549372870
892756295
982510395
163442941
401351202
686125503
834865296
385389956
221049590
299999571
164718200
633133352
542317787
872638914
317254760
1220360415
533446857
473763603
1050021479
234838760
606030273
1424605398
2173140565
235620851
1820305463
292330669
3549695187
1315938012
347965911
433921281
2124649636
223854473
2473563256
520814932
362138275
587776607
283517004
2311379377
841089355
764137967
855763012
412407528
390842767
2003524315
990113110
748039697
850402800
779177450
736187966
1754401510
261294272
1272789219
216261094
158559980
357377553
267572889
233988070
338621795
4046667921
305779318
1240666237
1828864888
514024429
327995052
590146879
2550503935
2206800549
836047220
216456875
784413351
2379297231
1825063764
422452929
3743191256
1165350096
461266733
167922988
212696056
596256629
668918074
652722149
325832463
296484440
172828157
792770915
1142465948
1172724620
642163890
2461815549
498526033
528712250
1163201670
218399086
413397154
1161185029
1239392090
1379421916
886122870
720655748
2664131247
1309306262
361171263
7731766
805048209
319726252
1674054575
505110097
1595234678
1159328535
1343681516
1063834424
584780124
447755061
2525654950
1087512201
558823579
3405490188
707583293
1402242906
2051383366
424459592
2306512535
226371607
1781280497
1568988291
550460885
4128569616
1555652348
765612213
186346567
904472279
3377976183
528057630
206400021
1145633934
1547071785
1738480873
442667823
447097170
184018438
217625457
453852149
392913056
496135989
342280453
1660208992
776403222
2254735777
419279400
1633843344
200490667
219232020
178788117
984411398
437200563
1695981766
1945352742
2752621115
757609478
2139530239
284561703
414152071
531289333
1761447200
592741150
657330105
227096303
735322066
353394395
1725700528
3258905198
242095553
202568733
2277778048
1008551831
1338868553
156037746
3508807577
1450328063
576253392
156971217
175893267
195348386
240508795
2630547751
347707205
933471208
711643306
1119721107
178087224
1092716051
725530935
424542079
261807666
165656732
605556075
1188417236
2006896882
2381336977
249870202
434395391
1189428573
501870454
236212571
1845390237
813042413
1825924557
658074135
771283897
2154560465
254952125
1360563251
1217542312
606687912
836677259
1527231277
436238133
35477040
398553681
942254556
601480118
1914693251
231314341
309403650
1160995228
1769003345
179818002
1297679727
997465769
207730893
584635908
471114425
467676862
2244344296
3551653129
1891872256
152963877
266137692
688423812
361838092
430172265
201423402
776665354
977883059
543196122
267835840
2431857810
359410693
961063646
377931323
22653115
199211853
800008326
667265457
434435146
295066631
319670085
980092964
1459949826
4017272133
822376769
1324264883
159654528
1635477881
236102514
163829893
220651677
342949526
1000131362
330680572
606898509
894878030
198104391
880750717
19567046
1479372507
1609865129
276956825
348835354
920542149
641781290
1710747473
242672648
2685912446
830810801
234332036
291381933
404891196
588618647
304541230
732003528
276162245
2441073895
101776805
283475803
533706907
202860380
153856807
839460652
452969387
636186792
2087866352
194746391
28309472
1508035366
553041250
174237690
1100424245
2333927825
372645511
285005103
1293803008
526751243
1267720351
749597213
154965275
1051258407
2559556048
156092236
192537407
64765
161061782
2341491161
1807839381
449676094
1590088326
166505003
166485902
2257993797
190552569
705881819
1812164107
161339645
210064957
1701547079
381491057
240712068
538222000
375814643
133284098
351350220
332414821
1171657993
1006166855
1393110558
2264622047
1437497
127929
751785173
189397624
1209017375
289529127
1248547309
864031042
2168581037
323416841
548939744
816331403
1059492858
163325656
401478143
685547696
836131574
384880227
220024316
300745724
164854309
633003483
542352241
872613688
316909445
1297856506
456176716
473689436
1051172785
178045552
661920082
1424801651
2172166824
287313981
1769345232
292648029
3547670707
1317168346
350115542
379475783
2177745191
223615072
2475582715
518814463
359527280
644986873
286367972
28052397
2225735247
841095121
764076464
855732220
412462980
390912671
1920643028
1068513216
748023598
850684055
778891848
736200600
1754428682
261364759
1272618749
732388596
267509982
234030329
338572880
4046574949
305204957
1241538225
1707930311
634633160
328055431
590187839
2551133270
2205706909
917778181
135819889
783341591
2380376630
1824625301
422209224
3743266820
1165827279
459966464
245778188
135430457
596233097
669382160
651887430
326247699
296628236
173349028
792115173
1142652078
1172510060
642217768
2462202326
498084005
528857778
1111315219
269817762
413961508
1161152151
1239366479
1378387713
887820494
719419464
2664817785
1309323758
367750277
806774546
319396309
1673958416
505176112
1595256091
1159442920
1343973976
1063402897
584993127
448043452
2311148661
1301220974
559365945
3353349013
760094773
1402011841
2051556836
423237313
2363816440
169895116
1781314022
1569062346
550472197
4128555520
1555917412
765119907
187048807
904116190
3377926846
528728857
204097360
1233467107
1460742192
1738582703
442803394
447202342
184288603
164064562
506952328
393274198
495655144
342649746
1659982582
776454647
2254764532
419362244
1633708061
200572689
219131846
178787389
984489388
437341163
1695710265
1945796918
2751840084
757998537
2139031865
285018847
414120941
531315493
1761529213
592575840
657424301
226976701
735329994
353413755
1725727790
3256712028
244217178
202687118
2275871744
1010272564
1338811307
155979160
3508207029
1451201760
576019148
156530154
176677653
194578395
241621548
2364480404
181606969
430830500
934150013
771581781
1059861948
177569248
1093039300
725713350
424788292
261385388
164806477
688614579
1106208698
2007051016
2246280855
384885920
433783848
1273085076
418239248
236900480
1845231624
812622786
1934207389
550501056
770812922
2154628931
253926657
1445414622
1133783280
606579887
837203956
1526733653
395620143
474826678
941504757
602523846
1914280069
231316244
258840371
1297646377
1600870506
264646414
1297692726
997556164
206935680
585839089
470753477
468021482
2244240600
3551011977
1892344257
153349444
265666810
688261237
361588879
431037597
200508704
777316586
978862573
541413788
268495381
2431971672
359236812
961052398
319384655
280904114
800429560
666583133
434379888
294392058
319201157
981244117
1460323485
4016695685
822554325
1324618017
160333944
1635835043
234739204
163807675
220649567
342428118
1000979709
330387950
525975815
872459999
196667082
742207001
156916938
1479576403
1610010438
276993333
348838348
920562736
641760359
1711335044
242192538
2685758626
830897718
234346949
291341570
403874129
589713785
305454269
731116525
276519175
2358775111
183777215
283842039
584917968
161863489
142574449
840178863
507713787
581349257
2174033025
76087597
1568802121
552884393
174681042
1020438617
2414204514
197996468
459113965
1294548033
526188663
1188494483
829264466
155650670
964131367
2645524715
157137819
189898979
1535642
160915798
2341496430
1807839252
449201658
1590640863
166605829
167680373
2256541291
191002005
705561793
1867917367
105994741
210129708
1699428005
383854414
240411208
538224453
297269806
211994548
352328432
253458469
1249449275
1006248121
1392813396
2264894857
52263110
698531737
192949093
1208019423
290986047
1247149756
864127173
2169155146
322788576
549206451
814411999
1061109470
163425127
401616332
685359168
835389754
469919438
136526730
299839794
163109275
721718230
454831130
873172605
317155229
1219826245
535062492
472348052
1051693326
177231968
662351392
1424832838
2172958487
235654358
1820285938
292699248
3547146741
1432797345
233626245
380495168
2177976769
223662322
2473566799
520862134
360336180
589548153
283591450
2311374903
840483744
764701431
855451467
413333736
390248808
1920086923
1070438968
746044780
850652268
778976411
794235277
1696339402
261351231
1271605428
219287837
155674917
360399095
265534496
233696862
338604515
4046704539
305701769
1241048808
1760790106
581763716
327516871
727472416
2413943680
2206163322
836133723
216491071
784353487
2379253237
1825130782
422503947
3743236687
1165257064
461295539
167940004
212763069
596211850
669354198
651878523
325846723
297030105
258042684
707396836
1142528182
1172593932
641703061
2462243179
498541103
529319753
1109971048
271156216
413346452
1161296850
1239378700
1378682975
887603841
719408601
2664512257
1310257852
360470046
7637950
805275956
319396325
1735077088
444322866
1595283055
1159641003
1343749731
1063429957
585005783
448076252
2310352915
1302167147
560471092
3352417452
759696369
1401382603
2052161525
423796084
2306617755
226692876
1781326586
1569204512
550385270
4128516202
1555869209
765412317
186723837
904175069
3439251713
558227758
113897369
1146636137
1546353916
1739172745
443174817
446886598
184225055
164742126
505874440
393344760
496048671
343460969
1659226791
776416720
2254708708
419328624
1633955919
200425693
219297596
178618147
983959310
437568496
1695921336
1945357107
2752632582
757649009
2139563317
368524368
330100158
530903692
1815044418
539495985
656765040
312563601
649876679
353956044
1727073456
3255413223
244046127
202572650
2276085396
1009540232
1338977055
155056734
3510666232
1449260756
576325401
156998995
175800902
195433707
240804522
2364919675
181549693
431490631
933530553
712295822
1119035359
177811113
1092492374
723824442
424907853
260458786
307891552
463915335
1189143354
2006665440
2246379721
384333914
509381124
1197928688
418263952
236714499
1845408266
812977930
1825963926
658565545
692000785
2232689187
255887511
1362352910
1214468657
608269280
836214500
1527787852
394292730
475602708
942647678
601465123
1914242084
231324330
309362406
1161440075
1686506550
264683697
1297677944
997582674
207670188
584667646
471176139
467956236
2243554077
3552092878
1891942904
152822818
265809858
688629573
361595645
431109751
200419287
777513353
1053305920
466876083
268614425
2431884531
359323299
960968022
319384425
280713524
799820734
667456163
434313777
294395032
320414289
980048350
1460684055
4016298263
822560408
1324647732
159283591
1637316835
234414355
163760874
220619554
342130284
1117217928
214220803
526008281
872478067
