1112736
834423
140894211
1208012
712462
810244
435582
514170
142417463
235067
152941
507875
24391860
537411
650840
266775
407983
751847
397122
422481
305569
345843
915438
679101
388089
336458
109402242
191650
289564
374990
2103147
95620704
551334
257827307
846215
513103
1153708
462631
967152
363270
483345
181898510
843709
165625
427572
1496630
597006
388765
39343890
229702052
903520
530631
97389809
159826493
1167157
371266
502352
260035548
165746
288964
38167201
526618
478172
486538
289547911
217521
406457
424892
345674
375248
813081
984002
370907
583696
163379227
704287
863563
345757
902302
503381
462877
540310
283419068
635535
33016981
576754
326066
223598669
293414
214725
879762
849849
139791903
971183
496980
7484333
409456
1046025
577510
452963
254597146
220045
235059
357154
348217666
727225
306486
670621
1505557
77354154
834239
618843
710118
482502
278039
87824924
3184319
425433
1032532
396441
625397
528932
15882939
497545
399277
1046313
468251
395351
1192165
391432
155114
382389
43541831
390017
680006
789665
312891
472694
12320655
1293164
164010938
619787
72856713
443453
954250
113021257
328648
262135531
90592207
844410
146072074
1787867
215385383
372137
913506
172654583
887028
548732
576110
221573960
437697
393019
419834
533128
972865
37684351
423425
25521617
436911
219759
452696
348937
210173
485938
487493
195846
67228416
467532
284833
416587
865748
2102126
399891
415340
737256
363316970
195662
1276925
461430
268073851
212196
14483394
163542
269784328
360613
477577
80506902
584536
7757809
1294653
294509
55167429
439617
183230
1679585
169323
511434
198048
462162
285911
423693
365158
118632374
29766194
162380
1442802
64913206
220397
405603
108699593
186500
559765
181686622
199246
260033
17228890
258051
134251527
622628
178911316
202074
629534
326972475
140612692
416060
317415
443288
48071036
5423126
637034
981295
1559712
417212
221310
39771697
423643
696370
192803
426107
297465
177299
1500604
1833083
863367
367693
49690778
30739790
641120
263201
1544293
455847
361663
51665507
1638742
1076833
162732397
331821
407079
541006
322426
401323
1403760
682930
25171176
273126
14795896
8974681
410439
988235
50627063
260155981
200711
586603
381210
371318
187551
420862
43694297
507928
218033
189596
334900
182059716
604511
1367383
387955
148308270
390877
494731
992463
554796
23628161
427982
486746
498115
302533
538714
79603
615563
387092
22860063
409935
521430
19977241
346764
583967
357352
198911100
340492
19799252
497221
455501
76939103
349981330
756346
90067097
626311
769312
252863343
483455
338546
580695
526442
87175162
1425387
418024
317437
337475
432136
412887
216681625
210615
2661693
460819
363897
99672288
334019
413410
174784009
663336
235724711
533776830
227692
154805230
450872
399786
375034
892416
77412739
541574
413072
530229
460474
594534
2705636
294250
48645326
270643
155015917
173937
95699532
255710486
407778
344025
400253
486502
616601
279600
149386405
248715
498062
1090339
724733
37592882
407018
95702324
27813742
318406
554719
1277726
504429
235464
580783
593783
1357937
565943
1166620
533704
1263897
487939
638434
2489522
399245
1247005
217165
288235
496942
429619
332818
187225
404200880
472216
424625
5476426
464223
447417
282128617
195914
328174
176035346
151269
765567
742207
60370122
589728
530325
443204
1091477
502197
488226
233228569
415195
76898618
174019241
82371701
709243
424954
681185
242533790
200333
79816260
158848638
510192
646615
394155
631257
153867089
320140
440610
396381
133806901
181595
194691
234726324
172976
557479
316480623
617578
1417537
1231443
517495
347025
1070632
63473802
386286
369122
496254
107332697
857771
328965
457712
51032322
509429
588946
56867511
314476
192032943
583375
432305
208469555
309080012
287662
227431
191976
716261
400613
392070
860514
46393100
1244216
638121
1375264
224433170
478869
68185450
393343
680210
336304
535111
324199
194712941
376824
25236239
648986
1234246
2525651
443033
329060
1763628
211045483
680137
160605691
124805698
174369492
1195645
1052380
1944804
680508
169296374
941599
574010
628313
1444110
559841
518389
1451502
2240874
600365
431050
1469120
830561
227286
1382931
449124
899330
385170
628210
561046
1250578
274571
402903
38021884
144049462
414583
444423
792524
90542838
177099
219029
543216
599702
520078
31228158
402865
53781257
568696
1056521
690519
586879
827706
392661
717565
241823331
426763
422956
339789
822546
433083
868354
1233208
37671089
1402653
1005049
354894
367605
454957
1233785
298418735
106043590
233612
175443
1166519
1216954
317751
667667
316831
371869
643660
453985
203544
339781
384705
199286373
328551
186279
499172
351785
504725
105353279
228718
186635
235352
204198
1317279
88106874
497057
184077
154679
482426
177102545
466734
714703
506292
287861
493979
507115
247929601
304828
863987
7572439
101660029
423871
395716
603238
358233
611173
505534
106104652
675113
387953
129822544
213819
277946
36555365
217695
61651746
159908
425076
515540
584961
261807066
194018
334252
236856187
728757
48196904
425814
1883240
615520
2416007
543137
384072
481593
513629
582449
458350
559244
51874210
346856
504742
18000244
617744
481268
442716
6514553
464613
485574
63192267
626028
664931
597813
417642
7253066
28484426
450224
266472
655340
555105
348522
765090
787686
227725291
46265462
632881
539445
77928683
201342
216738
451359
309237
310381
406016
67960401
534728
464675
57622199
457469
801036
266258
744977
412136
1203263
534230
462976
450331
29608621
51542352
381916
85818
500406
188507910
28458079
389101
336000
30106952
174186
482935
406067
1165914
255218154
450170
406161
447522
567741
541544
37793144
426536
805496
1009378
368175
444823
477509
564152
379030
103483253
551103
509658
325676
563614
412742
757501
502805
492167
212891650
200067
343946
717123
496561
57821323
923787
223113
399808
499891
116237730
420359
329563
567151
639588
523345
421594
1732580
260743706
403859
616631
18862072
206098
518440
519705
199391976
1327399
1120815
92929992
276904
3134550
380525
868695
2613527
653634
508048
48151876
255391
75394798
703321
352362
522621
1096819
144319094
477778
24859387
57912199
363000
396271
356903
176846673
950717
271922
182983102
492485
55477900
406659
381315
268835
128915696
377997
269807
1453043
376545
94115200
507659
529152
152516755
174425
224286
5223952
502577
29604988
120225979
530459
631823
1270731
462502
219662338
469414
360654
124013465
957063
222699094
68685588
548848
448033
251464065
489692
56505297
585203
114434888
164039
601706
469157
418174
478080
912120
618186
445615
331164
133646
296218
479933
208022648
462834
71850932
1028169
399214
750603
99350295
202813
23545501
833674
244540
843816
295499
197095
259655
1231490
635595
74141792
308839
25155357
419575
493373
457767
356441
86187756
397574
426143
428838
420219
303006201
387539
300121
884574
227351727
952504
814887
201654218
546224
649614
987877
703624
162068639
178437795
1869250
566336
697422
572688
3275292
292859
460938
213083
312876
260464
177210181
861984
242246
1297917
186278
1190969
371871
180888733
587041
417305
509041
639184
651836
198335142
213820
387346
553585
956878
701666
157484099
478949
425163
50613306
88022164
654953
334333
547472
360700424
233175
413444
513081
1453680
835519
1071315
887485
1046689
445650
1166343
727884
45224119
497735
494115
961771
101493554
188410
1218851
124635440
93417239
764002
555828
50067599
6388777
210902773
245257
66154204
33482070
189644
103209193
270944
344990
461065
252583
203930713
170425
197457
1705286
176275472
379895
568789
1231386
1230443
764979
371397
38063861
403943
483909
147874944
139037092
918205
209311
196064358
385003
372283
442550
121597571
622507
5051570
661319
345800
919190
464026
1560080
528581
336980
134507575
226013
527995
453657
20388836
2330922
164265863
373449
497150
356820
1085659
2880335
61510186
561898
549824
775052
588041
256380843
464030
1397706
437883
806511
649812
588259
187807
491600
268151
429313
427602
235424
260591
673956
282883
587633
287645
776390
461284911
840619
59979478
532346
760066
910114
1168812
454368
57484617
414912
622172
406334
511983
368511
369809
83939244
396171
596295
443713
492123
384663
478080
191098633
591227
106679853
98944
346459705
340090
207808193
311035579
401573
70241847
190452
231093
900861
295814
1427188
382217
76292
138435535
386315
523330
609895
330237559
424486
530778
534274
70728838
419715
525633
514542
663613
544553
795189
485283
156822708
583334
568697
425196
149682126
226258
333516
408707
341410
353754
423925
842467
313952
1209137
12709350
627281
207405
334822
378104
650335
177489775
549035
353700
29633323
2250396
469600
434637
803986
692652
88512126
228084686
2337512
517743
88559378
153623429
451132
486751
25185764
782060
23149742
254802
341483
446212
138769577
305807
488472
340700
64277459
305856
399493
382460
380869
307367
848397
184708076
229562
449636
663054
446629
33492718
167013
359175
21427421
576383
380539
543298
17959267
30013581
633983
381213
95019292
448003
965988
497624
588956
1540749
369294
491089
310520
116022597
49319897
6059021
1681094
407306
129782369
785582
367189
17284572
868859
240000325
106185723
527523
119059590
8858776
402879
415822
93618783
352104
2105953
39811349
1303572
413696
852899
1033653
865099
377793
86806156
459906
739644
414109
77252010
629570
323639
41917250
26876120
175661
809182
740657
1631998
451110
841734
445356
380701186
37721713
245059
378664
375875712
92984407
261408
385706
490515630
221986
534062
61247485
449092
391559900
1128149
500682
195753713
35065855
1152474
178843
546051
7490732
314231
389886
147170889
2512325
137973457
1293345
703252
794318
228782241
517720
1919216
410874
443446
170548861
571739
108923665
263731686
1734926
814661
1337324
361965
153698289
394451
215561
267369
1559409
632229
434150
302053
455919
349085
408260
35446320
195402
873597
688150
498294
342512
750642
572042
590226
936449
364822
539583
316741
199877
190561
301270
155813340
522279
9706922
200114424
665378
185302920
372756
572232
587317
518669
8648042
27323337
480778
510977
1046053
191779
81174440
65542025
890989
133124
387311
152404819
204210
234980
89004850
410525
269687869
1003643
414343
273580600
186713
17526013
617283
471062
353812
358068
1076283
559958
412497
306635
451419
420083
1092758
546645
401176
1120847
833405
174133886
1198466
806377
498676
673125
730577
87827138
149389
30430047
753407
749290
657735
311200
58237309
805382
369622
370628082
288779
456877
222271
499949
795574
694348
1735623
558827
515232
39697275
189345
195576827
408353
493626
544208
564178
1706066
381121
337046970
