168082708
624536
415887
821202
4364364
307884
707250
233996
216989
527257
576555
481295
807942
544805
224399
264169
537808
224509
645708
25062494
521783
1141610
307358
723784
57331439
216072
1118914
461571
757704
738270
412478
229673
51961439
7510239
169865
833153
448196
396553
892893
201437
457646
245171
71865374
688378
1668441
10710196
407265
950696
1378806
212986
53963036
889080
96171642
79552457
417549
157191310
643132
484521
340075
328347
171250
496199
214159
1415728
208619
426604
698837
915189
168243
408145
482521
411215
875784
281610345
515400
948508
588756
1815729
235075
567455
1967796
3512157
880409
535520
1189286
778142
725128
543502
231665
786371
1169342
782150
156005043
214155
492115
551929
264192
675279
569162
1494986
78343486
18513678
414834
455174
29040793
201578
2666635
1005860
27624354
285126
202609
291545
226657
850087
519419
696142
544769
218384
109530
921752
481044
999584
227048
1009902
326319
187268
813730
915350
52112110
359692
222282
511931
222253
5229541
491234
650192
215515
550006
608337
196915
461486
661895
1512032
251342
2158108
677887
440773
17638248
778823
1361148
245308
187105
544245
834424
332139
648592
498342
278698
937266
200491
557200
252379
386342
240093
33300954
22189471
729567
521902
346724
478815
209910
489208
780714
71413927
856057
383117
1030262
790369
599859
503641
405061
486070
50310417
578735
749030
306320
392473
214382
221692
414121
668033
502309
504611
395091
309573
15485562
349040
1046895
197015
272544
182165
671300
474447
777813
519565
575969
439139
405192
76365725
498652
454106
422379
1425142
23548058
858191
483921
600581
580932
1104263
425025
448961
461030
567473
253976
197310
230823
284108
317068
198071763
224972
494609
375509
199538
488743
539364
1254375
295962
432298
311194
400553
656042
736136
710176
215567
535332
415526
637495
482878
573414
412955
355264
154544
830758
417373
322045
625425
392421
533196
1272724
626698
607638
854139
1173521
270038
768221
329099
320641
372832
472543
558945
372383
338242
210174
241123
232527
554746
969662
860968
835266
422714
526982
1692634
438637
262129
483366
593657
232238
514322
528325
2035478
400071
228772
263233
603635
488150
552243
439335
470322
372887
17987082
5390510
1629166
102778669
621488
507527
597606
501798
187558
232245
884088
145043176
274650
12176844
609920
955222
481201
541764
384735
646246
428333
774493
528879
504742
985616
501212
175704
202287
567355
605317
123619405
1652777
575659
407174
621499
599437
210150
221810
179155418
303780
165876643
1289479
28482688
1086645
1100058
492874
558188
321313
10028755
513599
783628
57436901
45987267
479382
1235555
229861
93849053
746430
617051
593614
776009
971622
502101
310468
294222
383042
489344
278709
12547268
195384
655366
428382
407300
218528
407898
467083
232735
1223065
430179
376037
305430
729380
207864
571839
574480
266929
186663
115215570
811855
58314194
172405
1027493
668182
374228
420565
263660
581894
205656
902195
472519
438634
493023
490771
606809
749402
72343750
2892371
820549
429608
260437
1401498
844305
3045415
190951
737932
913668
626830
632815
521927
338691
295735
720442
434028
245346
272947
1446319
195519
1099800
417072
512127
582878
601533
321708
230183
481920
427807
272937
410124
412461
477910
246088
32896135
1089765
140777710
340775
191313
321547
10815180
219028
282077
63751678
196486
53023748
245260
568149
198748
900803
2785332
241677
401024
789627
477405
410539
262654
191138
465265
557572
23624860
221855
829095
362944
671615
201052
512140
752809
415443
498556
735443
615537
551107
191887
259685
258236
559734
564167
539584
481261
578476
10523114
235547776
647780
481566
810938
156326730
1122648
154505288
528308
815939
358476
281495
478782
292770
797697
723405
1207123
264891
285402
385345
303008
208932
447549
416624
1344071
525683
519157
575981
307053
517729
412837
374132
400832
957785
49423137
1485418
546078
841422
520326
50868502
405734
418498
385852
253392
576321
424464
420794
185375013
588854
402102
140341
429334
429071
861937
399214
908157
536907
167478
185223
192156
490482
420284
218511
623323
154131716
644060
482870
203488
287394
457753
163804
450612
631537
103502560
224431
394150
220015
235014
829052
392044
746946
408202
684657
852778
154422
622250
728140
928689
568434
3080414
1482493
672875
259801
780282
317893
308278
421840
521782
264229
1487150
830062
212510
215471
556529
1400239
539262
526555
2166327
458770
605499
974031
477474
435009
1369969
714889
439542
383477
465596
203245
216418
275210
477271
195110
482571
479799
511977
1435611
660717
223722
760201
276568
1109571
448432
502630
214119470
477653
1845148
413422
364019
348424
378284
515700
764426
543130
615989
533579
50598049
888657
155839
29344331
241516
342783
32956239
374469
471951
204922
531805
221848
383564
355206
575882
45892823
899614
450358
534345
43164367
488655
217448
201491
213561
206044
433796
379307
194578
544946
2036322
1229271
736964
42744155
411255
241231
312377
9743309
268629
919294
226103
433978
94070340
811204
259434
604423
656819
256467
391775
637038
413817
256098
384537
197644
692303
824242
408489
488203
625269
441329
613722
856068
208934
375801
908909
233954
427363
262180
601362
293675
351183
357864
330332
191877
404776
781557
364377
29895543
541735
1752275
629794
602851
166590
2517160
494532
231832
164072
390160
512635
337878
517161
309368
338799
82682698
211775
596837
256567
1063424
617451
533537
532912
236670
411124
356134
635675
585914
224667
213474
209089637
43159293
537578
534249
445240
528467
245166
195122600
827548
326567
597054
68091940
613971
664036
426836
564037
775462
1212032
926944
673973
658390
497661
524668
1041611
404670
360653
1790766
583092
767613
143679
84986494
253711
195407
72677
949410
696996
497694
629693
213170
439631
888666
394550
25235874
746923
207134
1369584
401397
390789
505814
370197
323989
376800
333142
772103
844638
853118
443783
199962
627904
1221965
270926
317596
543892
510693
412480
579973
1134647
474678
329599
281535
503242
387976
432956
986325
423104
13624670
372509
369048
532015
587674
516060
950020
487641
479973
765298
156954
481408
350930
215491
436466
361412
1313194
2287479
2511673
373761
546543
1835099
313373
538551
24988974
334848
221069
1252324
1323798
81178082
304533
261052
67440160
1585704
1846460
569571
151173871
340863
285585
2066091
691588
564357
173933
403631
632521
427055
435982
715413
381147
190783
148772
308082
215316
352127
456033
453375
78403750
212137
738955
1086332
814968
363866
268192
577067
438364
364138
444047
834662
154154610
235165
191436
790005
441721
346340
341309
461733
769993
520454
1304117
883247
640600
703877
487870
542076
1584909
943289
219779
289982
336469
808634
405529
2204538
465168
668043
214759
112140109
