2599774
813027
471060
248642
781534
516617
728002
1405171
2489426
1325951
1274327
624669
1916524
330594
314529
267259
327419
363630
775269
454959
235307
1081998
594436
459754
200694
656439
227573
231505
679299
233558
1082608
508949
1135921
295119
669483
1530140
248358
1036743
332365
241287
291835
1187271
245736
556391
287474
627752
511436
609309
404544
208041
1053459
227565
536384
313474
1018180
587233
1489276
569131
497947
301891
1177429
415507
1304486
492625
585572
1506656
223862
583575
1692122
662957
1812956
944145
269733
579864
396189
1800447
1538645
744429
1361369
1747652
274673
2047962
237514
870685
439352
288794
713706
2369419
614041
3438834
1253808
564536
608344
2510357
246601
1212701
384490
712109
1141177
832760
2734122
535721
2536852
1579733
790268
608804
961377
669364
456593
853854
557539
1344865
947827
1339768
538821
461091
277618
637239
1562725
279909
380503
243989
255116
547370
232216
319871
245194
653148
711471
275192
279554
594085
580905
597701
549930
227838
468565
633806
179501
601236
802417
665650
770397
917327
238424
243594
175553
481500
237350
313716
419897
1458725
625494
1555925
1433441
564365
791742
971867
246054
735785
513641
225233
1582802
873302
1051495
1625337
1578459
596723
239963
236396
274815
686542
708884
309900
224520
2549397
948670
503055
467502
664003
549583
649064
426785
1299110
733424
475756
234156
536031
529215
1025948
312490
231406
996436
641549
3162728
1003523
417982
222385
2360273
186394
820466
785230
651350
744610
1028021
798778
294252
605825
952113
610724
1769441
655133
261216
359561
1912847
606022
511743
1056067
539364
776542
429006
511447
1208593
68058
2493240
742847
446230
344059
949851
717056
2045341
238416
495088
690573
1073353
1082824
394596
226341
364160
563285
730824
544319
929165
1200086
476876
955400
478654
208274
396780
708108
961210
192575
285531
821570
214870
526193
2483504
1288994
489380
777042
912598
1590930
245082
395097
229920
924391
1022827
600381
277293
702311
2007364
1573148
216943
435221
627377
480580
1044198
416253
503781
409728
599322
390612
1053195
326503
679188
1305881
1511625
568963
480902
1694392
225687
236364
818699
1544295
227686
787305
696464
240046
949655
314290
191670
529706
751374
1569606
501352
352865
1766428
347245
911646
900386
249778
576229
735746
210024
152686
775029
1019887
3376762
2307843
318253
2917968
1161025
642440
1231285
325695
365994
1390797
665909
332735
1353057
409092
607870
761836
409529
2159064
561545
242017
437040
609349
474004
616197
1227560
357744
569974
1125922
1600485
563427
488294
518587
434947
769408
552218
240196
619089
1068778
543520
380964
1019512
447812
288868
2223694
570082
239822
1301123
1570673
774384
1217004
264074
581997
608979
239645
218061
786731
645177
655222
948967
552914
1624531
515495
1614764
212964
736473
1153194
1393206
289817
230549
239739
1510648
653919
478109
630946
464404
473634
1524702
537492
1298564
861803
1020146
3082701
358327
2109708
751785
994626
224623
1545657
1687570
865837
2728977
434426
1979831
240299
609767
1849624
241008
641353
2703535
1278295
2279673
2176179
1132007
642242
1808450
521398
1625676
552407
1025161
670990
263685
331157
282029
429793
847335
2197364
1186694
1633721
624414
404355
469906
670849
1433032
1161564
675342
807522
241598
231094
451165
663325
256474
597834
656225
320129
520050
770661
324042
272068
265510
563201
443117
268302
1219917
553480
1045967
999655
207868
702114
1330922
639299
1771776
1620880
2122585
231991
635293
1749176
477313
259772
730693
344660
614398
596036
887679
658996
659693
991166
698804
255979
315043
525738
1206093
283527
366184
245981
418128
1883100
489443
404603
896087
762707
2766716
1276449
942994
574018
253492
819994
234100
1322172
715629
839371
333163
346742
1269397
297925
2388096
1540336
365179
590729
738692
137726
2718227
662309
462890
1439141
987277
1266930
767928
1236602
1535596
253502
475473
436094
1382635
893010
452415
713611
1252424
314420
511964
2178125
381675
641615
701925
264245
791517
253637
510939
1324742
280217
895809
370463
630494
626015
609480
434402
751105
789725
794546
239549
680410
492713
679866
633604
235868
207546
598239
240797
1360807
262840
714153
924703
1755590
712415
484278
401848
276405
497070
605742
715406
233313
1534377
203707
1241216
940665
352564
675936
524515
2360113
597337
801364
4607788
828744
1142566
235734
2329315
298872
818827
1635699
659123
222134
493629
1046673
893468
228213
580004
525530
542996
234819
240293
2189361
228573
946717
401131
601418
263999
239550
543801
244074
440750
222131
993775
422502
503159
493451
242030
258007
274408
1889309
385650
225559
825052
402597
330288
1746532
458217
5413390
1232377
830654
362208
299984
279433
470527
1399363
2850918
1122839
904261
1719673
262753
250754
763187
1846444
676842
2288983
241815
583639
820020
235044
250564
234208
226143
241875
229477
762489
238839
491292
278034
231948
1095075
284157
242095
608384
528392
1709744
1099123
686607
1511958
834307
1152820
1292716
231582
364906
980032
728456
645407
232071
203525
268915
2665171
661338
576418
600327
1231393
572947
1218688
1586238
2466162
1072916
801674
902458
538850
1054222
230987
1569261
523661
920049
942665
1345106
1049628
588122
209995
2189742
714693
625979
2521992
435331
629148
256139
230991
2041837
1814297
522953
2410130
1158209
275173
1026914
2269888
244617
643794
454044
174585
950239
309647
370026
1939050
1136409
763652
2069321
3183155
2061452
835377
1558681
1563650
969073
472042
353244
318518
524795
1091836
271544
640430
671403
3694654
276735
674219
749162
1550839
1085881
699086
1284755
379929
666352
2822316
265459
3495149
282953
526856
610350
2030179
228848
282729
610926
776976
248685
324316
1190837
306223
1595225
1360561
647438
224347
1246248
851741
652312
219947
225150
287180
200366
300553
531159
221800
566829
580496
454415
994282
1113733
1964592
602905
1519324
1406903
602427
318019
1642753
946820
1449626
611100
201134
585285
386467
1475899
847210
563846
477845
717753
904120
245585
548257
851712
676963
550975
1047549
1163972
1352866
723289
2355865
512001
1777036
586300
246592
1509325
1230934
280223
2499839
1272567
4343046
1857106
1103587
280692
1753225
1277235
2182829
663021
1688901
1095483
2613190
283705
720021
1486161
664137
951830
521193
624999
1897119
3570990
1424137
263934
863705
2180839
913774
933377
244993
703162
227999
315799
805881
715390
1032113
351801
365218
194691
345846
572678
1364409
240203
1670952
234218
1263349
556408
293044
1617619
551639
1035219
224411
235241
577394
473207
588262
686902
649247
223250
279585
976598
325084
225376
3982210
261229
748767
329579
760553
587035
399785
533212
1044079
1157045
257331
280538
2358960
174579
545942
322494
292551
707917
1708646
994923
2069661
682239
1197080
1147145
1791945
237947
1733481
351349
260903
570343
1260100
823851
224029
230682
776683
641189
316246
446527
912796
212386
676921
463568
483929
678661
930102
475715
707146
548237
2682444
669998
522990
1101999
524350
5083534
550650
795936
234632
366848
1252938
683052
799462
1934771
825559
547671
158775
1405892
486593
2696889
1849518
978959
819120
770302
1456249
506219
299445
1284068
1229100
663390
670297
1142416
262912
2453671
726816
462177
1010409
264805
489593
335875
221562
510742
637623
457518
645715
250426
1430541
2066985
486701
1306734
2571804
758233
708881
435632
710139
1533837
586736
546825
1557650
917940
845663
1051418
280381
614125
810465
1551758
257561
815315
330557
238672
221826
475361
159297
206714
761614
1342819
1576774
803632
1349909
637998
1701925
719944
238897
920832
1708734
459461
529379
1468602
1077243
226811
531133
280742
1739728
487487
751161
604374
256755
288414
672436
290035
940386
239601
1996759
975504
232382
364998
2611308
257030
1551413
1366930
572194
273982
603760
505986
1442805
600708
524941
513244
653178
756187
327482
2186342
3014121
1741934
1652963
466905
901149
698966
672081
970174
1355301
732845
593236
816647
473602
727731
761567
651296
1584930
415009
250931
1146370
201141
443425
740926
789247
251964
1624232
812469
2681203
755238
406063
457943
552755
228366
327781
215908
646950
636634
224758
658411
753413
979171
1117041
628123
428421
371208
258447
1159750
312030
653275
425142
450283
1570144
260913
587383
151649
2573318
633383
224054
597065
4188092
2120900
291248
1280957
602502
604475
679452
511156
1502719
1089720
976268
726305
1426727
1402474
974644
310175
691423
251302
207172
885373
754102
627941
1030290
660965
1801749
722924
766252
994358
948005
745582
299075
2888789
477450
1085949
228592
183190
1686563
2290244
220297
550032
708293
646466
376758
576057
576161
280728
283060
618133
263438
503847
876622
2478820
387669
