1932968
1969986
3554847
1138936
692620
857831
477159
613191
263018
1412700
1069615
390777
682248
448108
679591
2667062
194946
197529
1605068
832369
547452
1521961
275138
482413
244909
473737
493660
409846
479675
411251
274105
331169
178200
599632
320157
185405
154921
274092
654799
45574327
240724
427424
321957
297949
355366
769520
1008154
323667
554626
588560
584043
601331
210734
265751
922971
726046
647129
320199
1127803
1135774
856472
217473
737530
457573
452412
502737
403995
770038
359492
377881
445180
687972
690466
366275
404341
176985
587745
218145
405628
755376
796793
201398
757837
533481
385661
525834
698729
1310037
771409
1507427
395151
728873
1065997
385044
441436
299204
621693
1226244
568451
1044744
634202
430089
729882
326040
1397050
581184
524991
47595870
227878
773489
593174
911330
510767
631936
677423
453202
189525
407935
64716788
275287
429911
200789
281491
161674
153751
1003117
405128
338335
440728
523035
465463
221651
222720
217016
703821
490525
470470
449964
530322
513125
226151
918432
1057894
201320
996642
183229
434949
998977
644983
873029
280480
481474
682152
294631
229938
622537
479921
535657
838883
1195446
243000
1436725
224354
227032
469893
569588
817056
217509
552755
297999
866541
265710
732028
600938
241760
996962
544023
257466
1142796
229458
347347
502229
195828
471824
581779
804221
870164
699454
345539
335494
305963
472784
677733
493508
408241
242626
1011292
220521
571145
251746
667728
244092
283865
369523
380206
930338
533482
228149
411442
1372274
425353
495181
1077296
383337
516092
839411
477875
310376
136089
167014
395107
502932
379405
307216
310305
837180
178232
190978
310048
216601
159416
157485
293503
637859
365162
366356
543618
269729
428202
167021
216918
510675
876795
523551
1164515
583509
238922
581250
504241
646124
659126
955117
715677
619970
499362
1602053
432198
313922
615669
733364
239837
1133267
240900
563228
223441
236663
576074
241871
658904
421718
340406
623653
453016
231980
530636
17330112
591399
207766
227217
468842
187326
287187
702607
955764
359805
234665
914945
830425
2701532
298849
868336
396764
411738
707116
674792
737664
731142
568055
19842371
591938
83451714
328602
653596
278204
248300
532943
672312
503167
693048
284177
1062852
241934
20204877
729364
195455
779768
388025
623898
854264
453307
355307
399938
401884
184069
911717
227702
885093
480542
217152
256759
237435
285238
621457
969689
218357
77240719
274521
323048
193075
441638
178697
281457
1013100
1330779
951255
622638
247900
483214
311460
225751
750621
230874
692542
210979
685413
1920923
578665
307895
597540
79517160
612542
1055834
984981
574828
575805
860347
291101
846504
1067127
484785
1282322
1772742
2805052
356059
251123
76997605
1574748
66662283
861109
672086
904077
219222
374351
293829
397789
204711
486038
493540
188011
175172
298032
158532
399058
181535
460906
405586
650500
712453
217907
624776
811819
982886
610213
506880
619332
512415
561527
341282
237968
1995382
511681
101928201
359679
1611167
1075898
626223
3871173
965107
551515
521671
3033445
439065
1002197
426710
277124
215714
1187708
501526
807767
1057643
394192
497070
206916
566209
308130
501849
616951
161521
1686895
488519
603227
300218
1323223
570205
213597
747986
701050
1527976
1164999
297964
306487
3470228
686393
480218
1016908
824609
466795
284513
2634070
340050
388286
441952
892797
520710
592824
837384
408762
235484
496241
936653
590184
172467
364175
371966
172673
459460
344033
341312
164859
359983
158504
10230682
331684
438362
221273
424262
159860
395745
1211610
821952
1457962
223327
411148
72117012
453413
414676
1306113
481852
356928
333703
264810
673839
482973
625104
896012
526960
218426
789459
1496688
944915
591439
710218
228436
994977
231888
503713
577499
260653
909955
1220231
1562162
884219
561222
1336590
190296
926858
1503072
854336
1260339
1761288
3218236
850722
682963
537979
1385397
1802033
525473
600794
564627
270420
390253
590437
519517
307539
235809
410461
377100
646719
496608
331783
471087
1458984
485140
1039120
364754
191664
452161
1743879
181316
394851
184311
406771
328467
306009
889610
354116
449731
428663
262243
238351
591938
582169
212741
1503444
493046
287267
569784
18103009
459017
532779
427496
482176
711421
629607
2165773
1065523
331043
564106
328977
779661
738872
231536
683706
1029452
1753375
239359
258067
192577
562327
274585
225708
55060036
147287
609155
430759
193587
4000186
615431
1308630
792073
206318
1000646
1711668
219379
2697869
316418
946842
45741407
960273
564355
1371779
456287
892509
467980
16802838
459971
2004111
698735
853190
714047
217957
612494
140040505
488305
208325
560531
609640
467181
251074
863977
409643
449806
1268910
311283
135556
1156244
255714
1780426
446873
173138
278340
288541
158651
209617
210731
1283660
616333
476315
577024
266511
564333
194145
412414
2226959
599935
458461
995923
564961
18363125
205286
451280
409365
617293
381250
488886
1129002
675127
283639
391343
525193
240217
390851
714302
305758
512460
394862
1120398
707186
2098132
573298
766486
181010
193074
1715355
236218
939625
15012161
3075300
2856004
290947
412235
643227
275198
661548
1459045
1056900
577828
358711
596612
52900763
779920
331731
409020
833901
2181625
615203
566316
605403
256867
245223
145785
197581
648944
379826
2636082
1217628
318499
470085
165657
1111215
574577
583417
227173
371619
1261780
218368
235317
375305
293133
252178
505874
306091
203933
207790
696910
196205
194107
781360
1258524
647819
296877
605745
1413003
251803
9826360
756705
280961
245189
593654
772331
219801
217852
171351
484291
1228639
1229337
556312
9725965
347192
451139
650748
557004
999488
597984
35001583
463808
1084337
752930
419700
279091
866520
215748
207825
508988
1786776
596716
645856
806638
485832
206428
273503
487656
160243
245098
339799
488928
313021
175661
166976
677497
414842
638233
490865
465215
2201325
750974
585532
786118
1520145
1354503
648373
452134
1888840
265371
607788
218782
428877
464168
768171
528912
380562
184129
239614
953924
617566
827431
428690
235732
434944
501683
648623
570194
468806
307415
399486
2970398
6334912
490939
674665
1430299
443299
318919
1390838
288770
512693
280070
656404
298954
213766
315145
914963
246279
1031325
507561
429967
506013
1164626
433161
231601
229129
247548
460114
526704
444851
1011142
370364
1094610
310337
1134142
651158
170534
307141
500965
183948
162861
316524
1077008
557737
337110
213653
270446
276893
341139
747287
221583
462825
674876
238662
436922
227392
649317
1697515
718947
705676
619250
1773023
843478
599439
558311
597812
750944
809305
2059829
901261
206000
247111
454502
442936
938761
407956
637206
651275
605478
561344
508728
264131
449728
1606093
476540
459169
189281
554530
373348
1719230
798262
535504
511319
172000
544544
173587
462260
233052
771276
